1.000E-03	1.413E+02	4.135E+01	1.827E+02	6.269E-06	2.849E-06	0.4545	
1.500E-03	1.731E+02	3.324E+01	2.063E+02	8.825E-06	4.335E-06	0.4912	
2.000E-03	1.999E+02	2.817E+01	2.281E+02	1.113E-05	5.801E-06	0.5213	
2.500E-03	2.235E+02	2.463E+01	2.481E+02	1.323E-05	7.226E-06	0.5462	
3.000E-03	2.448E+02	2.199E+01	2.668E+02	1.517E-05	8.608E-06	0.5674	
4.000E-03	2.825E+02	1.828E+01	3.008E+02	1.870E-05	1.125E-05	0.6018	
5.000E-03	3.158E+02	1.575E+01	3.315E+02	2.186E-05	1.374E-05	0.6288	
6.000E-03	3.458E+02	1.391E+01	3.598E+02	2.475E-05	1.611E-05	0.6508	
7.000E-03	3.735E+02	1.249E+01	3.860E+02	2.743E-05	1.836E-05	0.6692	
8.000E-03	3.992E+02	1.137E+01	4.105E+02	2.994E-05	2.051E-05	0.6849	
9.000E-03	4.233E+02	1.045E+01	4.337E+02	3.231E-05	2.257E-05	0.6986	
1.000E-02	4.461E+02	9.679E+00	4.557E+02	3.456E-05	2.456E-05	0.7106	
1.250E-02	4.911E+02	8.213E+00	4.993E+02	3.979E-05	2.926E-05	0.7353	
1.500E-02	5.302E+02	7.165E+00	5.374E+02	4.461E-05	3.368E-05	0.7548	
1.750E-02	5.650E+02	6.374E+00	5.714E+02	4.912E-05	3.786E-05	0.7708	
2.000E-02	5.961E+02	5.753E+00	6.019E+02	5.338E-05	4.186E-05	0.7841	
2.250E-02	6.242E+02	5.252E+00	6.295E+02	5.744E-05	4.569E-05	0.7955	
2.500E-02	6.497E+02	4.838E+00	6.545E+02	6.134E-05	4.939E-05	0.8053	
2.750E-02	6.728E+02	4.490E+00	6.773E+02	6.509E-05	5.298E-05	0.8140	
3.000E-02	6.938E+02	4.192E+00	6.980E+02	6.872E-05	5.647E-05	0.8217	
3.500E-02	7.304E+02	3.709E+00	7.341E+02	7.570E-05	6.320E-05	0.8348	
4.000E-02	7.606E+02	3.333E+00	7.639E+02	8.237E-05	6.966E-05	0.8457	
4.500E-02	7.853E+02	3.031E+00	7.884E+02	8.881E-05	7.593E-05	0.8549	
5.000E-02	8.053E+02	2.783E+00	8.081E+02	9.508E-05	8.204E-05	0.8629	
5.500E-02	8.211E+02	2.575E+00	8.236E+02	1.012E-04	8.803E-05	0.8699	
6.000E-02	8.331E+02	2.399E+00	8.355E+02	1.072E-04	9.394E-05	0.8761	
6.500E-02	8.419E+02	2.246E+00	8.442E+02	1.132E-04	9.979E-05	0.8817	
7.000E-02	8.479E+02	2.113E+00	8.500E+02	1.191E-04	1.056E-04	0.8867	
7.500E-02	8.514E+02	1.996E+00	8.534E+02	1.249E-04	1.114E-04	0.8913	
8.000E-02	8.526E+02	1.892E+00	8.545E+02	1.308E-04	1.171E-04	0.8955	
8.500E-02	8.520E+02	1.800E+00	8.538E+02	1.367E-04	1.229E-04	0.8994	
9.000E-02	8.497E+02	1.716E+00	8.515E+02	1.425E-04	1.287E-04	0.9030	
9.500E-02	8.461E+02	1.641E+00	8.477E+02	1.484E-04	1.345E-04	0.9064	
1.000E-01	8.412E+02	1.572E+00	8.428E+02	1.543E-04	1.404E-04	0.9096	
1.250E-01	8.048E+02	1.304E+00	8.061E+02	1.846E-04	1.703E-04	0.9228	
1.500E-01	7.589E+02	1.118E+00	7.600E+02	2.165E-04	2.020E-04	0.9329	
1.750E-01	7.122E+02	9.807E-01	7.132E+02	2.505E-04	2.357E-04	0.9410	
2.000E-01	6.685E+02	8.753E-01	6.694E+02	2.867E-04	2.717E-04	0.9477	
2.250E-01	6.312E+02	7.914E-01	6.319E+02	3.251E-04	3.099E-04	0.9532	
2.500E-01	5.990E+02	7.231E-01	5.998E+02	3.658E-04	3.503E-04	0.9578	
2.750E-01	5.708E+02	6.657E-01	5.715E+02	4.085E-04	3.928E-04	0.9617	
3.000E-01	5.456E+02	6.168E-01	5.462E+02	4.532E-04	4.374E-04	0.9650	
3.500E-01	5.022E+02	5.386E-01	5.027E+02	5.488E-04	5.325E-04	0.9703	
4.000E-01	4.658E+02	4.788E-01	4.663E+02	6.521E-04	6.354E-04	0.9744	
4.500E-01	4.346E+02	4.315E-01	4.351E+02	7.632E-04	7.461E-04	0.9776	
5.000E-01	4.075E+02	3.930E-01	4.079E+02	8.819E-04	8.644E-04	0.9801	
5.500E-01	3.837E+02	3.611E-01	3.841E+02	1.008E-03	9.903E-04	0.9822	
6.000E-01	3.628E+02	3.342E-01	3.632E+02	1.142E-03	1.124E-03	0.9839	
6.500E-01	3.444E+02	3.112E-01	3.447E+02	1.284E-03	1.265E-03	0.9853	
7.000E-01	3.279E+02	2.913E-01	3.282E+02	1.432E-03	1.413E-03	0.9865	
7.500E-01	3.131E+02	2.739E-01	3.134E+02	1.588E-03	1.568E-03	0.9875	
8.000E-01	2.998E+02	2.585E-01	3.000E+02	1.751E-03	1.731E-03	0.9884	
8.500E-01	2.877E+02	2.447E-01	2.880E+02	1.922E-03	1.901E-03	0.9892	
9.000E-01	2.767E+02	2.325E-01	2.770E+02	2.099E-03	2.077E-03	0.9898	
9.500E-01	2.666E+02	2.214E-01	2.668E+02	2.283E-03	2.261E-03	0.9904	
1.000E+00	2.573E+02	2.114E-01	2.575E+02	2.473E-03	2.451E-03	0.9910	
1.250E+00	2.200E+02	1.727E-01	2.202E+02	3.527E-03	3.502E-03	0.9929	
1.500E+00	1.932E+02	1.464E-01	1.934E+02	4.742E-03	4.713E-03	0.9941	
1.750E+00	1.728E+02	1.272E-01	1.729E+02	6.111E-03	6.080E-03	0.9948	
2.000E+00	1.567E+02	1.126E-01	1.568E+02	7.632E-03	7.597E-03	0.9954	
2.250E+00	1.436E+02	1.011E-01	1.437E+02	9.299E-03	9.260E-03	0.9958	
2.500E+00	1.328E+02	9.177E-02	1.329E+02	1.111E-02	1.107E-02	0.9962	
2.750E+00	1.236E+02	8.407E-02	1.237E+02	1.306E-02	1.301E-02	0.9964	
3.000E+00	1.158E+02	7.760E-02	1.159E+02	1.515E-02	1.510E-02	0.9966	
3.500E+00	1.030E+02	6.732E-02	1.030E+02	1.974E-02	1.968E-02	0.9969	
4.000E+00	9.295E+01	5.951E-02	9.301E+01	2.485E-02	2.478E-02	0.9971	
4.500E+00	8.486E+01	5.336E-02	8.491E+01	3.048E-02	3.040E-02	0.9973	
5.000E+00	7.819E+01	4.839E-02	7.824E+01	3.662E-02	3.653E-02	0.9974	
5.500E+00	7.258E+01	4.429E-02	7.262E+01	4.326E-02	4.316E-02	0.9975	
6.000E+00	6.779E+01	4.084E-02	6.783E+01	5.039E-02	5.027E-02	0.9976	
6.500E+00	6.364E+01	3.791E-02	6.368E+01	5.800E-02	5.787E-02	0.9977	
7.000E+00	6.001E+01	3.538E-02	6.005E+01	6.609E-02	6.595E-02	0.9978	
7.500E+00	5.681E+01	3.317E-02	5.684E+01	7.466E-02	7.449E-02	0.9978	
8.000E+00	5.397E+01	3.123E-02	5.400E+01	8.368E-02	8.350E-02	0.9979	
8.500E+00	5.142E+01	2.951E-02	5.145E+01	9.317E-02	9.298E-02	0.9979	
9.000E+00	4.912E+01	2.797E-02	4.915E+01	1.031E-01	1.029E-01	0.9979	
9.500E+00	4.704E+01	2.659E-02	4.707E+01	1.135E-01	1.133E-01	0.9980	
1.000E+01	4.514E+01	2.534E-02	4.517E+01	1.244E-01	1.241E-01	0.9980	
1.250E+01	3.772E+01	2.055E-02	3.774E+01	1.852E-01	1.848E-01	0.9981	
1.500E+01	3.254E+01	1.731E-02	3.256E+01	2.567E-01	2.563E-01	0.9982	
1.750E+01	2.872E+01	1.497E-02	2.874E+01	3.387E-01	3.381E-01	0.9982	
2.000E+01	2.577E+01	1.320E-02	2.578E+01	4.307E-01	4.299E-01	0.9983	
2.500E+01	2.150E+01	1.069E-02	2.151E+01	6.440E-01	6.429E-01	0.9983	
2.750E+01	1.990E+01	9.768E-03	1.991E+01	7.649E-01	7.636E-01	0.9984	
3.000E+01	1.855E+01	8.996E-03	1.856E+01	8.950E-01	8.936E-01	0.9984	
3.500E+01	1.638E+01	7.773E-03	1.638E+01	1.182E+00	1.181E+00	0.9984	
4.000E+01	1.471E+01	6.849E-03	1.472E+01	1.505E+00	1.503E+00	0.9985	
4.500E+01	1.339E+01	6.124E-03	1.339E+01	1.862E+00	1.859E+00	0.9985	
5.000E+01	1.231E+01	5.541E-03	1.231E+01	2.251E+00	2.248E+00	0.9985	
5.500E+01	1.141E+01	5.062E-03	1.142E+01	2.674E+00	2.670E+00	0.9985	
6.000E+01	1.066E+01	4.660E-03	1.066E+01	3.127E+00	3.122E+00	0.9986	
6.500E+01	1.001E+01	4.319E-03	1.002E+01	3.611E+00	3.606E+00	0.9986	
7.000E+01	9.452E+00	4.025E-03	9.456E+00	4.125E+00	4.119E+00	0.9986	
7.500E+01	8.961E+00	3.769E-03	8.965E+00	4.668E+00	4.662E+00	0.9986	
8.000E+01	8.529E+00	3.545E-03	8.532E+00	5.240E+00	5.233E+00	0.9986	
8.500E+01	8.144E+00	3.346E-03	8.147E+00	5.840E+00	5.832E+00	0.9986	
9.000E+01	7.799E+00	3.169E-03	7.802E+00	6.468E+00	6.459E+00	0.9986	
9.500E+01	7.489E+00	3.010E-03	7.492E+00	7.122E+00	7.112E+00	0.9987	
1.000E+02	7.208E+00	2.867E-03	7.210E+00	7.802E+00	7.792E+00	0.9987	
1.250E+02	6.123E+00	2.318E-03	6.125E+00	1.158E+01	1.157E+01	0.9987	
1.500E+02	5.384E+00	1.949E-03	5.386E+00	1.595E+01	1.593E+01	0.9987	
1.750E+02	4.849E+00	1.683E-03	4.850E+00	2.085E+01	2.082E+01	0.9988	
2.000E+02	4.442E+00	1.482E-03	4.444E+00	2.624E+01	2.621E+01	0.9988	
2.250E+02	4.124E+00	1.325E-03	4.125E+00	3.209E+01	3.205E+01	0.9988	
2.500E+02	3.868E+00	1.198E-03	3.869E+00	3.835E+01	3.831E+01	0.9989	
2.750E+02	3.657E+00	1.094E-03	3.658E+00	4.500E+01	4.495E+01	0.9989	
3.000E+02	3.481E+00	1.008E-03	3.483E+00	5.201E+01	5.195E+01	0.9989	
3.500E+02	3.205E+00	8.701E-04	3.206E+00	6.700E+01	6.693E+01	0.9989	
4.000E+02	2.999E+00	7.664E-04	3.000E+00	8.315E+01	8.306E+01	0.9990	
4.500E+02	2.840E+00	6.852E-04	2.840E+00	1.003E+02	1.002E+02	0.9990	
5.000E+02	2.713E+00	6.200E-04	2.714E+00	1.183E+02	1.182E+02	0.9990	
5.500E+02	2.611E+00	5.663E-04	2.612E+00	1.371E+02	1.370E+02	0.9991	
6.000E+02	2.528E+00	5.214E-04	2.528E+00	1.566E+02	1.564E+02	0.9991	
6.500E+02	2.458E+00	4.833E-04	2.459E+00	1.766E+02	1.765E+02	0.9991	
7.000E+02	2.400E+00	4.505E-04	2.400E+00	1.972E+02	1.971E+02	0.9991	
7.500E+02	2.350E+00	4.220E-04	2.350E+00	2.183E+02	2.181E+02	0.9991	
8.000E+02	2.308E+00	3.969E-04	2.308E+00	2.398E+02	2.395E+02	0.9992	
8.500E+02	2.271E+00	3.748E-04	2.272E+00	2.616E+02	2.614E+02	0.9992	
9.000E+02	2.240E+00	3.550E-04	2.240E+00	2.838E+02	2.835E+02	0.9992	
9.500E+02	2.211E+00	3.373E-04	2.212E+00	3.062E+02	3.060E+02	0.9992	
1.000E+03	2.186E+00	3.213E-04	2.187E+00	3.290E+02	3.287E+02	0.9992	
1.500E+03	2.046E+00	2.191E-04	2.046E+00	5.667E+02	5.664E+02	0.9993	
2.000E+03	1.996E+00	1.670E-04	1.997E+00	8.146E+02	8.141E+02	0.9994	
2.500E+03	1.980E+00	1.354E-04	1.980E+00	1.066E+03	1.066E+03	0.9995	
3.000E+03	1.977E+00	1.141E-04	1.977E+00	1.319E+03	1.318E+03	0.9995	
4.000E+03	1.988E+00	8.706E-05	1.988E+00	1.824E+03	1.823E+03	0.9996	
5.000E+03	2.007E+00	7.062E-05	2.007E+00	2.324E+03	2.324E+03	0.9996	
6.000E+03	2.028E+00	5.953E-05	2.028E+00	2.820E+03	2.819E+03	0.9997	
7.000E+03	2.048E+00	5.152E-05	2.048E+00	3.311E+03	3.310E+03	0.9997	
8.000E+03	2.067E+00	4.547E-05	2.067E+00	3.797E+03	3.796E+03	0.9997	
9.000E+03	2.085E+00	4.072E-05	2.085E+00	4.278E+03	4.277E+03	0.9997	
1.000E+04	2.102E+00	3.690E-05	2.102E+00	4.756E+03	4.755E+03	0.9998	