1.00E-03	1.43E+02	2.51E+01	1.68E+02	8.19E-06	3.05E-06	0.3727
1.50E-03	1.75E+02	2.11E+01	1.96E+02	1.09E-05	4.60E-06	0.4211
2.00E-03	2.03E+02	1.83E+01	2.21E+02	1.33E-05	6.11E-06	0.4588
2.50E-03	2.28E+02	1.63E+01	2.44E+02	1.55E-05	7.56E-06	0.4893
3.00E-03	2.51E+02	1.47E+01	2.65E+02	1.74E-05	8.97E-06	0.5147
4.00E-03	2.83E+02	1.24E+01	2.96E+02	2.10E-05	1.17E-05	0.5557
5.00E-03	3.13E+02	1.08E+01	3.24E+02	2.42E-05	1.42E-05	0.5877
6.00E-03	3.40E+02	9.62E+00	3.50E+02	2.72E-05	1.67E-05	0.6136
7.00E-03	3.65E+02	8.69E+00	3.74E+02	2.99E-05	1.90E-05	0.6351
8.00E-03	3.87E+02	7.94E+00	3.95E+02	3.25E-05	2.13E-05	0.6534
9.00E-03	4.06E+02	7.33E+00	4.13E+02	3.50E-05	2.34E-05	0.6693
1.00E-02	4.24E+02	6.81E+00	4.30E+02	3.74E-05	2.55E-05	0.6832
1.25E-02	4.62E+02	5.81E+00	4.68E+02	4.30E-05	3.06E-05	0.7118
1.50E-02	4.94E+02	5.09E+00	4.99E+02	4.81E-05	3.53E-05	0.7343
1.75E-02	5.22E+02	4.55E+00	5.26E+02	5.30E-05	3.99E-05	0.7525
2.00E-02	5.47E+02	4.12E+00	5.51E+02	5.76E-05	4.42E-05	0.7677
2.25E-02	5.69E+02	3.77E+00	5.73E+02	6.21E-05	4.85E-05	0.7806
2.50E-02	5.89E+02	3.48E+00	5.93E+02	6.64E-05	5.25E-05	0.7917
2.75E-02	6.07E+02	3.23E+00	6.10E+02	7.05E-05	5.65E-05	0.8015
3.00E-02	6.23E+02	3.02E+00	6.26E+02	7.46E-05	6.04E-05	0.8102
3.50E-02	6.52E+02	2.68E+00	6.55E+02	8.24E-05	6.80E-05	0.825
4.00E-02	6.80E+02	2.41E+00	6.82E+02	8.99E-05	7.52E-05	0.8371
4.50E-02	7.05E+02	2.20E+00	7.07E+02	9.71E-05	8.22E-05	0.8472
5.00E-02	7.25E+02	2.02E+00	7.27E+02	1.04E-04	8.90E-05	0.8559
5.50E-02	7.42E+02	1.87E+00	7.44E+02	1.11E-04	9.57E-05	0.8635
6.00E-02	7.56E+02	1.74E+00	7.57E+02	1.18E-04	1.02E-04	0.8702
6.50E-02	7.66E+02	1.63E+00	7.68E+02	1.24E-04	1.09E-04	0.8761
7.00E-02	7.74E+02	1.54E+00	7.76E+02	1.31E-04	1.15E-04	0.8815
7.50E-02	7.80E+02	1.46E+00	7.81E+02	1.37E-04	1.21E-04	0.8864
8.00E-02	7.83E+02	1.38E+00	7.85E+02	1.43E-04	1.28E-04	0.8908
8.50E-02	7.85E+02	1.31E+00	7.86E+02	1.50E-04	1.34E-04	0.8949
9.00E-02	7.85E+02	1.25E+00	7.86E+02	1.56E-04	1.40E-04	0.8987
9.50E-02	7.83E+02	1.20E+00	7.85E+02	1.62E-04	1.47E-04	0.9022
1.00E-01	7.81E+02	1.15E+00	7.82E+02	1.69E-04	1.53E-04	0.9055
1.25E-01	7.54E+02	9.55E-01	7.55E+02	2.01E-04	1.85E-04	0.9192
1.50E-01	7.15E+02	8.20E-01	7.15E+02	2.35E-04	2.19E-04	0.9298
1.75E-01	6.71E+02	7.20E-01	6.72E+02	2.71E-04	2.55E-04	0.9382
2.00E-01	6.29E+02	6.44E-01	6.30E+02	3.10E-04	2.93E-04	0.9451
2.25E-01	5.90E+02	5.83E-01	5.91E+02	3.51E-04	3.34E-04	0.9509
2.50E-01	5.56E+02	5.33E-01	5.56E+02	3.94E-04	3.77E-04	0.9558
2.75E-01	5.25E+02	4.91E-01	5.25E+02	4.41E-04	4.23E-04	0.9599
3.00E-01	4.98E+02	4.56E-01	4.98E+02	4.90E-04	4.72E-04	0.9635
3.50E-01	4.54E+02	4.00E-01	4.54E+02	5.95E-04	5.77E-04	0.9692
4.00E-01	4.19E+02	3.56E-01	4.20E+02	7.10E-04	6.91E-04	0.9736
4.50E-01	3.90E+02	3.22E-01	3.91E+02	8.33E-04	8.14E-04	0.977
5.00E-01	3.65E+02	2.94E-01	3.65E+02	9.66E-04	9.46E-04	0.9797
5.50E-01	3.43E+02	2.70E-01	3.43E+02	1.11E-03	1.09E-03	0.9818
6.00E-01	3.24E+02	2.51E-01	3.24E+02	1.26E-03	1.24E-03	0.9836
6.50E-01	3.07E+02	2.34E-01	3.07E+02	1.42E-03	1.39E-03	0.9851
7.00E-01	2.92E+02	2.19E-01	2.93E+02	1.58E-03	1.56E-03	0.9864
7.50E-01	2.79E+02	2.06E-01	2.79E+02	1.76E-03	1.74E-03	0.9874
8.00E-01	2.67E+02	1.94E-01	2.68E+02	1.94E-03	1.92E-03	0.9884
8.50E-01	2.57E+02	1.84E-01	2.57E+02	2.13E-03	2.11E-03	0.9891
9.00E-01	2.47E+02	1.75E-01	2.47E+02	2.33E-03	2.31E-03	0.9898
9.50E-01	2.38E+02	1.67E-01	2.38E+02	2.54E-03	2.51E-03	0.9905
1.00E+00	2.30E+02	1.59E-01	2.30E+02	2.75E-03	2.73E-03	0.991
1.25E+00	1.97E+02	1.31E-01	1.97E+02	3.93E-03	3.90E-03	0.9929
1.50E+00	1.73E+02	1.11E-01	1.73E+02	5.29E-03	5.26E-03	0.9941
1.75E+00	1.55E+02	9.64E-02	1.55E+02	6.82E-03	6.78E-03	0.9949
2.00E+00	1.41E+02	8.54E-02	1.41E+02	8.51E-03	8.47E-03	0.9955
2.25E+00	1.29E+02	7.67E-02	1.29E+02	1.04E-02	1.03E-02	0.9959
2.50E+00	1.20E+02	6.97E-02	1.20E+02	1.24E-02	1.23E-02	0.9962
2.75E+00	1.11E+02	6.39E-02	1.12E+02	1.45E-02	1.45E-02	0.9965
3.00E+00	1.04E+02	5.90E-02	1.05E+02	1.69E-02	1.68E-02	0.9967
3.50E+00	9.30E+01	5.12E-02	9.30E+01	2.19E-02	2.19E-02	0.997
4.00E+00	8.39E+01	4.53E-02	8.40E+01	2.76E-02	2.75E-02	0.9972
4.50E+00	7.67E+01	4.06E-02	7.67E+01	3.38E-02	3.38E-02	0.9974
5.00E+00	7.07E+01	3.69E-02	7.07E+01	4.06E-02	4.05E-02	0.9975
5.50E+00	6.56E+01	3.37E-02	6.56E+01	4.80E-02	4.79E-02	0.9976
6.00E+00	6.13E+01	3.11E-02	6.13E+01	5.59E-02	5.58E-02	0.9977
6.50E+00	5.75E+01	2.89E-02	5.76E+01	6.43E-02	6.42E-02	0.9978
7.00E+00	5.43E+01	2.70E-02	5.43E+01	7.33E-02	7.31E-02	0.9979
7.50E+00	5.14E+01	2.53E-02	5.14E+01	8.27E-02	8.26E-02	0.9979
8.00E+00	4.88E+01	2.38E-02	4.88E+01	9.27E-02	9.25E-02	0.998
8.50E+00	4.65E+01	2.25E-02	4.65E+01	1.03E-01	1.03E-01	0.998
9.00E+00	4.44E+01	2.13E-02	4.44E+01	1.14E-01	1.14E-01	0.998
9.50E+00	4.25E+01	2.03E-02	4.26E+01	1.26E-01	1.26E-01	0.9981
1.00E+01	4.08E+01	1.93E-02	4.08E+01	1.38E-01	1.37E-01	0.9981
1.25E+01	3.41E+01	1.57E-02	3.41E+01	2.05E-01	2.05E-01	0.9982
1.50E+01	2.94E+01	1.32E-02	2.95E+01	2.84E-01	2.84E-01	0.9983
1.75E+01	2.60E+01	1.14E-02	2.60E+01	3.75E-01	3.74E-01	0.9983
2.00E+01	2.33E+01	1.01E-02	2.33E+01	4.76E-01	4.76E-01	0.9984
2.50E+01	1.95E+01	8.15E-03	1.95E+01	7.12E-01	7.11E-01	0.9985
2.75E+01	1.80E+01	7.45E-03	1.80E+01	8.46E-01	8.45E-01	0.9985
3.00E+01	1.68E+01	6.86E-03	1.68E+01	9.90E-01	9.88E-01	0.9985
3.50E+01	1.48E+01	5.93E-03	1.48E+01	1.31E+00	1.31E+00	0.9985
4.00E+01	1.33E+01	5.22E-03	1.33E+01	1.66E+00	1.66E+00	0.9986
4.50E+01	1.21E+01	4.67E-03	1.21E+01	2.06E+00	2.06E+00	0.9986
5.00E+01	1.11E+01	4.23E-03	1.11E+01	2.49E+00	2.49E+00	0.9986
5.50E+01	1.03E+01	3.86E-03	1.03E+01	2.96E+00	2.95E+00	0.9986
6.00E+01	9.64E+00	3.55E-03	9.65E+00	3.46E+00	3.45E+00	0.9987
6.50E+01	9.06E+00	3.29E-03	9.06E+00	3.99E+00	3.99E+00	0.9987
7.00E+01	8.55E+00	3.07E-03	8.55E+00	4.56E+00	4.56E+00	0.9987
7.50E+01	8.11E+00	2.87E-03	8.11E+00	5.16E+00	5.16E+00	0.9987
8.00E+01	7.71E+00	2.70E-03	7.72E+00	5.79E+00	5.79E+00	0.9987
8.50E+01	7.37E+00	2.55E-03	7.37E+00	6.46E+00	6.45E+00	0.9987
9.00E+01	7.05E+00	2.42E-03	7.06E+00	7.15E+00	7.14E+00	0.9987
9.50E+01	6.77E+00	2.30E-03	6.78E+00	7.87E+00	7.86E+00	0.9987
1.00E+02	6.52E+00	2.19E-03	6.52E+00	8.63E+00	8.62E+00	0.9988
1.25E+02	5.54E+00	1.77E-03	5.54E+00	1.28E+01	1.28E+01	0.9988
1.50E+02	4.87E+00	1.49E-03	4.87E+00	1.76E+01	1.76E+01	0.9988
1.75E+02	4.38E+00	1.28E-03	4.38E+00	2.31E+01	2.30E+01	0.9989
2.00E+02	4.01E+00	1.13E-03	4.01E+00	2.90E+01	2.90E+01	0.9989
2.25E+02	3.72E+00	1.01E-03	3.72E+00	3.55E+01	3.55E+01	0.9989
2.50E+02	3.49E+00	9.14E-04	3.49E+00	4.24E+01	4.24E+01	0.9989
2.75E+02	3.30E+00	8.35E-04	3.30E+00	4.98E+01	4.98E+01	0.999
3.00E+02	3.14E+00	7.69E-04	3.14E+00	5.76E+01	5.75E+01	0.999
3.50E+02	2.89E+00	6.64E-04	2.89E+00	7.42E+01	7.41E+01	0.999
4.00E+02	2.70E+00	5.85E-04	2.70E+00	9.21E+01	9.21E+01	0.999
4.50E+02	2.55E+00	5.23E-04	2.55E+00	1.11E+02	1.11E+02	0.9991
5.00E+02	2.44E+00	4.73E-04	2.44E+00	1.31E+02	1.31E+02	0.9991
5.50E+02	2.34E+00	4.32E-04	2.34E+00	1.52E+02	1.52E+02	0.9991
6.00E+02	2.27E+00	3.98E-04	2.27E+00	1.74E+02	1.74E+02	0.9991
6.50E+02	2.20E+00	3.69E-04	2.20E+00	1.96E+02	1.96E+02	0.9992
7.00E+02	2.15E+00	3.44E-04	2.15E+00	2.19E+02	2.19E+02	0.9992
7.50E+02	2.10E+00	3.22E-04	2.10E+00	2.43E+02	2.43E+02	0.9992
8.00E+02	2.06E+00	3.03E-04	2.06E+00	2.67E+02	2.67E+02	0.9992
8.50E+02	2.03E+00	2.86E-04	2.03E+00	2.91E+02	2.91E+02	0.9992
9.00E+02	2.00E+00	2.71E-04	2.00E+00	3.16E+02	3.16E+02	0.9992
9.50E+02	1.97E+00	2.58E-04	1.97E+00	3.41E+02	3.41E+02	0.9993
1.00E+03	1.95E+00	2.45E-04	1.95E+00	3.67E+02	3.67E+02	0.9993
1.50E+03	1.82E+00	1.67E-04	1.82E+00	6.35E+02	6.34E+02	0.9994
2.00E+03	1.77E+00	1.28E-04	1.77E+00	9.14E+02	9.13E+02	0.9995
2.50E+03	1.76E+00	1.03E-04	1.76E+00	1.20E+03	1.20E+03	0.9995
3.00E+03	1.76E+00	8.71E-05	1.76E+00	1.48E+03	1.48E+03	0.9995
4.00E+03	1.77E+00	6.65E-05	1.77E+00	2.05E+03	2.05E+03	0.9996
5.00E+03	1.79E+00	5.40E-05	1.79E+00	2.61E+03	2.61E+03	0.9997
6.00E+03	1.81E+00	4.55E-05	1.81E+00	3.17E+03	3.17E+03	0.9997
7.00E+03	1.83E+00	3.94E-05	1.83E+00	3.72E+03	3.72E+03	0.9997
8.00E+03	1.85E+00	3.47E-05	1.85E+00	4.26E+03	4.26E+03	0.9997
9.00E+03	1.86E+00	3.11E-05	1.86E+00	4.80E+03	4.80E+03	0.9998
1.00E+04	1.88E+00	2.82E-05	1.88E+00	5.34E+03	5.34E+03	0.9998