1.00E-03	1.45E+02	2.92E+01	1.75E+02	7.43E-06	2.97E-06	0.4001
1.50E-03	1.78E+02	2.41E+01	2.02E+02	1.01E-05	4.48E-06	0.4453
2.00E-03	2.06E+02	2.08E+01	2.26E+02	1.24E-05	5.96E-06	0.4809
2.50E-03	2.30E+02	1.83E+01	2.48E+02	1.45E-05	7.40E-06	0.5098
3.00E-03	2.52E+02	1.65E+01	2.68E+02	1.64E-05	8.78E-06	0.534
4.00E-03	2.86E+02	1.39E+01	3.00E+02	2.00E-05	1.14E-05	0.5731
5.00E-03	3.17E+02	1.21E+01	3.29E+02	2.31E-05	1.40E-05	0.6035
6.00E-03	3.45E+02	1.07E+01	3.56E+02	2.61E-05	1.64E-05	0.6282
7.00E-03	3.70E+02	9.65E+00	3.80E+02	2.88E-05	1.87E-05	0.6487
8.00E-03	3.93E+02	8.81E+00	4.02E+02	3.13E-05	2.09E-05	0.6661
9.00E-03	4.14E+02	8.11E+00	4.22E+02	3.38E-05	2.30E-05	0.6812
1.00E-02	4.33E+02	7.53E+00	4.40E+02	3.61E-05	2.51E-05	0.6945
1.25E-02	4.73E+02	6.42E+00	4.79E+02	4.15E-05	3.00E-05	0.7218
1.50E-02	5.06E+02	5.62E+00	5.12E+02	4.66E-05	3.46E-05	0.7432
1.75E-02	5.35E+02	5.01E+00	5.40E+02	5.13E-05	3.90E-05	0.7606
2.00E-02	5.61E+02	4.53E+00	5.66E+02	5.58E-05	4.33E-05	0.7751
2.25E-02	5.85E+02	4.14E+00	5.89E+02	6.02E-05	4.74E-05	0.7875
2.50E-02	6.05E+02	3.82E+00	6.09E+02	6.43E-05	5.14E-05	0.7982
2.75E-02	6.24E+02	3.55E+00	6.27E+02	6.84E-05	5.52E-05	0.8076
3.00E-02	6.40E+02	3.32E+00	6.44E+02	7.23E-05	5.90E-05	0.816
3.50E-02	6.70E+02	2.94E+00	6.73E+02	7.99E-05	6.63E-05	0.8302
4.00E-02	6.97E+02	2.65E+00	6.99E+02	8.72E-05	7.34E-05	0.8418
4.50E-02	7.19E+02	2.41E+00	7.22E+02	9.42E-05	8.03E-05	0.8517
5.00E-02	7.38E+02	2.21E+00	7.40E+02	1.01E-04	8.69E-05	0.8602
5.50E-02	7.53E+02	2.05E+00	7.55E+02	1.08E-04	9.35E-05	0.8675
6.00E-02	7.64E+02	1.91E+00	7.66E+02	1.14E-04	9.99E-05	0.874
6.50E-02	7.73E+02	1.79E+00	7.74E+02	1.21E-04	1.06E-04	0.8799
7.00E-02	7.79E+02	1.69E+00	7.80E+02	1.27E-04	1.13E-04	0.8851
7.50E-02	7.83E+02	1.59E+00	7.84E+02	1.34E-04	1.19E-04	0.8899
8.00E-02	7.85E+02	1.51E+00	7.86E+02	1.40E-04	1.25E-04	0.8943
8.50E-02	7.85E+02	1.44E+00	7.86E+02	1.46E-04	1.32E-04	0.8983
9.00E-02	7.84E+02	1.37E+00	7.85E+02	1.53E-04	1.38E-04	0.902
9.50E-02	7.81E+02	1.31E+00	7.83E+02	1.59E-04	1.44E-04	0.9054
1.00E-01	7.78E+02	1.26E+00	7.79E+02	1.66E-04	1.50E-04	0.9087
1.25E-01	7.49E+02	1.04E+00	7.50E+02	1.98E-04	1.83E-04	0.9221
1.50E-01	7.11E+02	8.96E-01	7.12E+02	2.32E-04	2.17E-04	0.9324
1.75E-01	6.70E+02	7.87E-01	6.70E+02	2.69E-04	2.53E-04	0.9405
2.00E-01	6.30E+02	7.03E-01	6.31E+02	3.07E-04	2.91E-04	0.9472
2.25E-01	5.94E+02	6.36E-01	5.94E+02	3.48E-04	3.31E-04	0.9527
2.50E-01	5.60E+02	5.82E-01	5.61E+02	3.91E-04	3.75E-04	0.9574
2.75E-01	5.31E+02	5.36E-01	5.31E+02	4.37E-04	4.20E-04	0.9614
3.00E-01	5.04E+02	4.97E-01	5.05E+02	4.85E-04	4.68E-04	0.9647
3.50E-01	4.60E+02	4.35E-01	4.60E+02	5.89E-04	5.72E-04	0.9702
4.00E-01	4.23E+02	3.88E-01	4.24E+02	7.03E-04	6.85E-04	0.9744
4.50E-01	3.93E+02	3.50E-01	3.94E+02	8.25E-04	8.07E-04	0.9776
5.00E-01	3.68E+02	3.19E-01	3.69E+02	9.56E-04	9.38E-04	0.9802
5.50E-01	3.47E+02	2.94E-01	3.47E+02	1.10E-03	1.08E-03	0.9823
6.00E-01	3.28E+02	2.72E-01	3.28E+02	1.24E-03	1.23E-03	0.984
6.50E-01	3.12E+02	2.54E-01	3.12E+02	1.40E-03	1.38E-03	0.9854
7.00E-01	2.97E+02	2.37E-01	2.97E+02	1.57E-03	1.54E-03	0.9866
7.50E-01	2.84E+02	2.23E-01	2.84E+02	1.74E-03	1.72E-03	0.9877
8.00E-01	2.72E+02	2.11E-01	2.72E+02	1.92E-03	1.90E-03	0.9885
8.50E-01	2.61E+02	2.00E-01	2.62E+02	2.11E-03	2.08E-03	0.9893
9.00E-01	2.52E+02	1.90E-01	2.52E+02	2.30E-03	2.28E-03	0.99
9.50E-01	2.42E+02	1.81E-01	2.43E+02	2.50E-03	2.48E-03	0.9906
1.00E+00	2.34E+02	1.73E-01	2.34E+02	2.71E-03	2.69E-03	0.9911
1.25E+00	2.01E+02	1.41E-01	2.01E+02	3.87E-03	3.84E-03	0.993
1.50E+00	1.77E+02	1.20E-01	1.77E+02	5.20E-03	5.17E-03	0.9941
1.75E+00	1.58E+02	1.04E-01	1.59E+02	6.69E-03	6.66E-03	0.9949
2.00E+00	1.44E+02	9.24E-02	1.44E+02	8.35E-03	8.31E-03	0.9955
2.25E+00	1.32E+02	8.30E-02	1.32E+02	1.02E-02	1.01E-02	0.9959
2.50E+00	1.22E+02	7.54E-02	1.22E+02	1.21E-02	1.21E-02	0.9962
2.75E+00	1.14E+02	6.91E-02	1.14E+02	1.43E-02	1.42E-02	0.9964
3.00E+00	1.07E+02	6.38E-02	1.07E+02	1.65E-02	1.65E-02	0.9967
3.50E+00	9.49E+01	5.54E-02	9.50E+01	2.15E-02	2.14E-02	0.997
4.00E+00	8.57E+01	4.90E-02	8.58E+01	2.71E-02	2.70E-02	0.9972
4.50E+00	7.83E+01	4.39E-02	7.84E+01	3.32E-02	3.31E-02	0.9973
5.00E+00	7.22E+01	3.99E-02	7.22E+01	3.98E-02	3.97E-02	0.9975
5.50E+00	6.70E+01	3.65E-02	6.71E+01	4.70E-02	4.69E-02	0.9976
6.00E+00	6.26E+01	3.36E-02	6.26E+01	5.47E-02	5.46E-02	0.9977
6.50E+00	5.88E+01	3.12E-02	5.88E+01	6.30E-02	6.28E-02	0.9977
7.00E+00	5.54E+01	2.92E-02	5.55E+01	7.17E-02	7.16E-02	0.9978
7.50E+00	5.25E+01	2.73E-02	5.25E+01	8.10E-02	8.08E-02	0.9979
8.00E+00	4.99E+01	2.57E-02	4.99E+01	9.08E-02	9.06E-02	0.9979
8.50E+00	4.75E+01	2.43E-02	4.76E+01	1.01E-01	1.01E-01	0.9979
9.00E+00	4.54E+01	2.31E-02	4.54E+01	1.12E-01	1.12E-01	0.998
9.50E+00	4.35E+01	2.19E-02	4.35E+01	1.23E-01	1.23E-01	0.998
1.00E+01	4.17E+01	2.09E-02	4.18E+01	1.35E-01	1.35E-01	0.998
1.25E+01	3.49E+01	1.69E-02	3.49E+01	2.01E-01	2.00E-01	0.9981
1.50E+01	3.01E+01	1.43E-02	3.01E+01	2.78E-01	2.77E-01	0.9982
1.75E+01	2.66E+01	1.23E-02	2.66E+01	3.67E-01	3.66E-01	0.9983
2.00E+01	2.38E+01	1.09E-02	2.39E+01	4.66E-01	4.65E-01	0.9983
2.50E+01	1.99E+01	8.81E-03	1.99E+01	6.97E-01	6.95E-01	0.9984
2.75E+01	1.84E+01	8.05E-03	1.84E+01	8.27E-01	8.26E-01	0.9984
3.00E+01	1.72E+01	7.42E-03	1.72E+01	9.68E-01	9.66E-01	0.9984
3.50E+01	1.52E+01	6.41E-03	1.52E+01	1.28E+00	1.28E+00	0.9985
4.00E+01	1.36E+01	5.65E-03	1.36E+01	1.63E+00	1.62E+00	0.9985
4.50E+01	1.24E+01	5.05E-03	1.24E+01	2.01E+00	2.01E+00	0.9985
5.00E+01	1.14E+01	4.57E-03	1.14E+01	2.43E+00	2.43E+00	0.9986
5.50E+01	1.06E+01	4.17E-03	1.06E+01	2.89E+00	2.89E+00	0.9986
6.00E+01	9.87E+00	3.84E-03	9.88E+00	3.38E+00	3.37E+00	0.9986
6.50E+01	9.27E+00	3.56E-03	9.28E+00	3.90E+00	3.90E+00	0.9986
7.00E+01	8.76E+00	3.32E-03	8.76E+00	4.46E+00	4.45E+00	0.9986
7.50E+01	8.30E+00	3.11E-03	8.31E+00	5.04E+00	5.04E+00	0.9987
8.00E+01	7.90E+00	2.92E-03	7.90E+00	5.66E+00	5.65E+00	0.9987
8.50E+01	7.55E+00	2.76E-03	7.55E+00	6.31E+00	6.30E+00	0.9987
9.00E+01	7.23E+00	2.61E-03	7.23E+00	6.98E+00	6.98E+00	0.9987
9.50E+01	6.94E+00	2.48E-03	6.94E+00	7.69E+00	7.68E+00	0.9987
1.00E+02	6.68E+00	2.36E-03	6.68E+00	8.43E+00	8.41E+00	0.9987
1.25E+02	5.67E+00	1.91E-03	5.68E+00	1.25E+01	1.25E+01	0.9988
1.50E+02	4.99E+00	1.61E-03	4.99E+00	1.72E+01	1.72E+01	0.9988
1.75E+02	4.49E+00	1.39E-03	4.50E+00	2.25E+01	2.25E+01	0.9988
2.00E+02	4.12E+00	1.22E-03	4.12E+00	2.83E+01	2.83E+01	0.9989
2.25E+02	3.82E+00	1.09E-03	3.82E+00	3.46E+01	3.46E+01	0.9989
2.50E+02	3.59E+00	9.89E-04	3.59E+00	4.14E+01	4.13E+01	0.9989
2.75E+02	3.39E+00	9.03E-04	3.39E+00	4.86E+01	4.85E+01	0.9989
3.00E+02	3.23E+00	8.31E-04	3.23E+00	5.61E+01	5.61E+01	0.9989
3.50E+02	2.97E+00	7.18E-04	2.97E+00	7.23E+01	7.22E+01	0.999
4.00E+02	2.78E+00	6.32E-04	2.78E+00	8.97E+01	8.96E+01	0.999
4.50E+02	2.63E+00	5.65E-04	2.63E+00	1.08E+02	1.08E+02	0.999
5.00E+02	2.52E+00	5.12E-04	2.52E+00	1.28E+02	1.28E+02	0.9991
5.50E+02	2.42E+00	4.67E-04	2.42E+00	1.48E+02	1.48E+02	0.9991
6.00E+02	2.35E+00	4.30E-04	2.35E+00	1.69E+02	1.69E+02	0.9991
6.50E+02	2.28E+00	3.99E-04	2.28E+00	1.91E+02	1.90E+02	0.9991
7.00E+02	2.23E+00	3.72E-04	2.23E+00	2.13E+02	2.13E+02	0.9992
7.50E+02	2.18E+00	3.48E-04	2.18E+00	2.35E+02	2.35E+02	0.9992
8.00E+02	2.14E+00	3.28E-04	2.14E+00	2.59E+02	2.58E+02	0.9992
8.50E+02	2.10E+00	3.09E-04	2.10E+00	2.82E+02	2.82E+02	0.9992
9.00E+02	2.07E+00	2.93E-04	2.07E+00	3.06E+02	3.06E+02	0.9992
9.50E+02	2.04E+00	2.78E-04	2.04E+00	3.30E+02	3.30E+02	0.9992
1.00E+03	2.02E+00	2.65E-04	2.02E+00	3.55E+02	3.55E+02	0.9993
1.50E+03	1.89E+00	1.81E-04	1.89E+00	6.13E+02	6.12E+02	0.9994
2.00E+03	1.84E+00	1.38E-04	1.84E+00	8.81E+02	8.81E+02	0.9994
2.50E+03	1.83E+00	1.12E-04	1.83E+00	1.15E+03	1.15E+03	0.9995
3.00E+03	1.82E+00	9.42E-05	1.82E+00	1.43E+03	1.43E+03	0.9995
4.00E+03	1.83E+00	7.19E-05	1.84E+00	1.98E+03	1.98E+03	0.9996
5.00E+03	1.85E+00	5.83E-05	1.85E+00	2.52E+03	2.52E+03	0.9996
6.00E+03	1.87E+00	4.92E-05	1.87E+00	3.06E+03	3.05E+03	0.9997
7.00E+03	1.89E+00	4.26E-05	1.89E+00	3.59E+03	3.59E+03	0.9997
8.00E+03	1.91E+00	3.76E-05	1.91E+00	4.11E+03	4.11E+03	0.9997
9.00E+03	1.93E+00	3.36E-05	1.93E+00	4.63E+03	4.63E+03	0.9997
1.00E+04	1.95E+00	3.05E-05	1.95E+00	5.15E+03	5.15E+03	0.9998