1.000E-03	8.874E+01	1.685E+01	1.056E+02	1.337E-05	3.651E-06	0.2730	
1.500E-03	1.087E+02	1.464E+01	1.233E+02	1.771E-05	5.537E-06	0.3126	
2.000E-03	1.255E+02	1.304E+01	1.385E+02	2.153E-05	7.432E-06	0.3451	
2.500E-03	1.403E+02	1.181E+01	1.521E+02	2.497E-05	9.303E-06	0.3725	
3.000E-03	1.537E+02	1.083E+01	1.645E+02	2.813E-05	1.115E-05	0.3962	
4.000E-03	1.775E+02	9.362E+00	1.868E+02	3.382E-05	1.473E-05	0.4355	
5.000E-03	1.984E+02	8.294E+00	2.067E+02	3.891E-05	1.818E-05	0.4673	
6.000E-03	2.174E+02	7.476E+00	2.249E+02	4.354E-05	2.150E-05	0.4937	
7.000E-03	2.348E+02	6.826E+00	2.416E+02	4.783E-05	2.470E-05	0.5163	
8.000E-03	2.510E+02	6.294E+00	2.573E+02	5.184E-05	2.778E-05	0.5360	
9.000E-03	2.662E+02	5.850E+00	2.721E+02	5.561E-05	3.077E-05	0.5532	
1.000E-02	2.806E+02	5.472E+00	2.861E+02	5.920E-05	3.366E-05	0.5686	
1.250E-02	3.089E+02	4.732E+00	3.137E+02	6.752E-05	4.058E-05	0.6010	
1.500E-02	3.336E+02	4.186E+00	3.378E+02	7.520E-05	4.715E-05	0.6271	
1.750E-02	3.556E+02	3.766E+00	3.593E+02	8.237E-05	5.343E-05	0.6487	
2.000E-02	3.753E+02	3.430E+00	3.787E+02	8.914E-05	5.947E-05	0.6671	
2.250E-02	3.931E+02	3.155E+00	3.962E+02	9.559E-05	6.529E-05	0.6830	
2.500E-02	4.092E+02	2.924E+00	4.121E+02	1.018E-04	7.093E-05	0.6969	
2.750E-02	4.239E+02	2.729E+00	4.266E+02	1.077E-04	7.641E-05	0.7092	
3.000E-02	4.373E+02	2.560E+00	4.399E+02	1.135E-04	8.175E-05	0.7203	
3.500E-02	4.608E+02	2.284E+00	4.631E+02	1.246E-04	9.210E-05	0.7393	
4.000E-02	4.804E+02	2.066E+00	4.825E+02	1.351E-04	1.021E-04	0.7552	
4.500E-02	4.967E+02	1.889E+00	4.986E+02	1.453E-04	1.117E-04	0.7689	
5.000E-02	5.102E+02	1.743E+00	5.120E+02	1.552E-04	1.212E-04	0.7807	
5.500E-02	5.212E+02	1.619E+00	5.229E+02	1.649E-04	1.304E-04	0.7912	
6.000E-02	5.301E+02	1.514E+00	5.316E+02	1.744E-04	1.396E-04	0.8005	
6.500E-02	5.371E+02	1.422E+00	5.386E+02	1.837E-04	1.486E-04	0.8089	
7.000E-02	5.425E+02	1.342E+00	5.438E+02	1.929E-04	1.575E-04	0.8165	
7.500E-02	5.464E+02	1.271E+00	5.477E+02	2.021E-04	1.664E-04	0.8235	
8.000E-02	5.491E+02	1.207E+00	5.503E+02	2.112E-04	1.753E-04	0.8299	
8.500E-02	5.506E+02	1.151E+00	5.518E+02	2.203E-04	1.841E-04	0.8358	
9.000E-02	5.512E+02	1.100E+00	5.523E+02	2.293E-04	1.929E-04	0.8413	
9.500E-02	5.510E+02	1.053E+00	5.521E+02	2.384E-04	2.018E-04	0.8465	
1.000E-01	5.501E+02	1.011E+00	5.511E+02	2.475E-04	2.107E-04	0.8513	
1.250E-01	5.376E+02	8.442E-01	5.385E+02	2.933E-04	2.556E-04	0.8715	
1.500E-01	5.181E+02	7.277E-01	5.188E+02	3.405E-04	3.021E-04	0.8871	
1.750E-01	4.961E+02	6.413E-01	4.967E+02	3.898E-04	3.506E-04	0.8996	
2.000E-01	4.739E+02	5.744E-01	4.745E+02	4.413E-04	4.015E-04	0.9098	
2.250E-01	4.512E+02	5.209E-01	4.517E+02	4.953E-04	4.549E-04	0.9185	
2.500E-01	4.292E+02	4.772E-01	4.297E+02	5.520E-04	5.110E-04	0.9258	
2.750E-01	4.088E+02	4.406E-01	4.092E+02	6.116E-04	5.701E-04	0.9321	
3.000E-01	3.901E+02	4.097E-01	3.905E+02	6.742E-04	6.321E-04	0.9375	
3.500E-01	3.579E+02	3.598E-01	3.583E+02	8.080E-04	7.648E-04	0.9465	
4.000E-01	3.315E+02	3.214E-01	3.319E+02	9.532E-04	9.088E-04	0.9535	
4.500E-01	3.098E+02	2.908E-01	3.101E+02	1.109E-03	1.064E-03	0.9590	
5.000E-01	2.917E+02	2.659E-01	2.919E+02	1.275E-03	1.229E-03	0.9634	
5.500E-01	2.762E+02	2.451E-01	2.764E+02	1.452E-03	1.404E-03	0.9671	
6.000E-01	2.624E+02	2.275E-01	2.626E+02	1.637E-03	1.588E-03	0.9701	
6.500E-01	2.501E+02	2.124E-01	2.503E+02	1.832E-03	1.782E-03	0.9726	
7.000E-01	2.391E+02	1.993E-01	2.393E+02	2.037E-03	1.985E-03	0.9748	
7.500E-01	2.292E+02	1.878E-01	2.294E+02	2.250E-03	2.198E-03	0.9767	
8.000E-01	2.202E+02	1.776E-01	2.204E+02	2.473E-03	2.419E-03	0.9783	
8.500E-01	2.120E+02	1.685E-01	2.122E+02	2.704E-03	2.649E-03	0.9797	
9.000E-01	2.046E+02	1.603E-01	2.048E+02	2.944E-03	2.887E-03	0.9809	
9.500E-01	1.977E+02	1.529E-01	1.979E+02	3.192E-03	3.135E-03	0.9820	
1.000E+00	1.914E+02	1.462E-01	1.915E+02	3.449E-03	3.390E-03	0.9829	
1.250E+00	1.656E+02	1.203E-01	1.657E+02	4.857E-03	4.791E-03	0.9865	
1.500E+00	1.467E+02	1.024E-01	1.468E+02	6.464E-03	6.391E-03	0.9887	
1.750E+00	1.321E+02	8.937E-02	1.321E+02	8.262E-03	8.181E-03	0.9902	
2.000E+00	1.204E+02	7.937E-02	1.205E+02	1.025E-02	1.016E-02	0.9913	
2.250E+00	1.109E+02	7.146E-02	1.110E+02	1.241E-02	1.231E-02	0.9921	
2.500E+00	1.030E+02	6.503E-02	1.030E+02	1.475E-02	1.464E-02	0.9927	
2.750E+00	9.620E+01	5.971E-02	9.626E+01	1.726E-02	1.714E-02	0.9932	
3.000E+00	9.037E+01	5.522E-02	9.042E+01	1.994E-02	1.982E-02	0.9936	
3.500E+00	8.079E+01	4.806E-02	8.084E+01	2.580E-02	2.565E-02	0.9942	
4.000E+00	7.324E+01	4.260E-02	7.329E+01	3.231E-02	3.214E-02	0.9947	
4.500E+00	6.712E+01	3.829E-02	6.716E+01	3.944E-02	3.925E-02	0.9950	
5.000E+00	6.204E+01	3.479E-02	6.208E+01	4.719E-02	4.697E-02	0.9953	
5.500E+00	5.775E+01	3.190E-02	5.778E+01	5.555E-02	5.530E-02	0.9955	
6.000E+00	5.407E+01	2.947E-02	5.410E+01	6.450E-02	6.422E-02	0.9957	
6.500E+00	5.088E+01	2.739E-02	5.091E+01	7.403E-02	7.372E-02	0.9958	
7.000E+00	4.808E+01	2.559E-02	4.810E+01	8.414E-02	8.379E-02	0.9959	
7.500E+00	4.560E+01	2.402E-02	4.562E+01	9.482E-02	9.444E-02	0.9960	
8.000E+00	4.339E+01	2.264E-02	4.341E+01	1.061E-01	1.056E-01	0.9961	
8.500E+00	4.140E+01	2.141E-02	4.142E+01	1.179E-01	1.174E-01	0.9962	
9.000E+00	3.961E+01	2.031E-02	3.963E+01	1.302E-01	1.297E-01	0.9963	
9.500E+00	3.798E+01	1.933E-02	3.800E+01	1.431E-01	1.426E-01	0.9963	
1.000E+01	3.649E+01	1.843E-02	3.651E+01	1.565E-01	1.559E-01	0.9964	
1.250E+01	3.064E+01	1.500E-02	3.066E+01	2.316E-01	2.308E-01	0.9966	
1.500E+01	2.654E+01	1.266E-02	2.656E+01	3.194E-01	3.184E-01	0.9968	
1.750E+01	2.350E+01	1.097E-02	2.351E+01	4.197E-01	4.184E-01	0.9969	
2.000E+01	2.113E+01	9.684E-03	2.114E+01	5.320E-01	5.304E-01	0.9970	
2.500E+01	1.770E+01	7.860E-03	1.771E+01	7.916E-01	7.893E-01	0.9971	
2.750E+01	1.641E+01	7.188E-03	1.642E+01	9.384E-01	9.357E-01	0.9972	
3.000E+01	1.531E+01	6.624E-03	1.532E+01	1.096E+00	1.093E+00	0.9972	
3.500E+01	1.355E+01	5.731E-03	1.356E+01	1.444E+00	1.440E+00	0.9973	
4.000E+01	1.219E+01	5.054E-03	1.220E+01	1.833E+00	1.828E+00	0.9974	
4.500E+01	1.111E+01	4.523E-03	1.112E+01	2.263E+00	2.257E+00	0.9974	
5.000E+01	1.023E+01	4.095E-03	1.024E+01	2.732E+00	2.725E+00	0.9975	
5.500E+01	9.502E+00	3.743E-03	9.505E+00	3.240E+00	3.231E+00	0.9975	
6.000E+01	8.882E+00	3.447E-03	8.885E+00	3.784E+00	3.775E+00	0.9975	
6.500E+01	8.351E+00	3.196E-03	8.354E+00	4.365E+00	4.354E+00	0.9976	
7.000E+01	7.890E+00	2.980E-03	7.893E+00	4.981E+00	4.969E+00	0.9976	
7.500E+01	7.486E+00	2.791E-03	7.489E+00	5.631E+00	5.618E+00	0.9976	
8.000E+01	7.130E+00	2.626E-03	7.132E+00	6.316E+00	6.301E+00	0.9976	
8.500E+01	6.812E+00	2.479E-03	6.815E+00	7.033E+00	7.017E+00	0.9977	
9.000E+01	6.528E+00	2.349E-03	6.530E+00	7.783E+00	7.765E+00	0.9977	
9.500E+01	6.271E+00	2.231E-03	6.273E+00	8.564E+00	8.545E+00	0.9977	
1.000E+02	6.039E+00	2.126E-03	6.041E+00	9.377E+00	9.356E+00	0.9977	
1.250E+02	5.140E+00	1.720E-03	5.142E+00	1.388E+01	1.385E+01	0.9978	
1.500E+02	4.527E+00	1.447E-03	4.529E+00	1.908E+01	1.904E+01	0.9979	
1.750E+02	4.082E+00	1.250E-03	4.083E+00	2.490E+01	2.485E+01	0.9979	
2.000E+02	3.744E+00	1.101E-03	3.745E+00	3.131E+01	3.124E+01	0.9980	
2.250E+02	3.479E+00	9.846E-04	3.480E+00	3.824E+01	3.817E+01	0.9980	
2.500E+02	3.265E+00	8.909E-04	3.266E+00	4.566E+01	4.558E+01	0.9981	
2.750E+02	3.090E+00	8.138E-04	3.090E+00	5.354E+01	5.344E+01	0.9981	
3.000E+02	2.943E+00	7.493E-04	2.944E+00	6.183E+01	6.172E+01	0.9982	
3.500E+02	2.712E+00	6.473E-04	2.713E+00	7.956E+01	7.942E+01	0.9982	
4.000E+02	2.540E+00	5.703E-04	2.541E+00	9.863E+01	9.846E+01	0.9983	
4.500E+02	2.407E+00	5.100E-04	2.407E+00	1.189E+02	1.187E+02	0.9983	
5.000E+02	2.302E+00	4.615E-04	2.302E+00	1.401E+02	1.399E+02	0.9984	
5.500E+02	2.216E+00	4.216E-04	2.217E+00	1.623E+02	1.620E+02	0.9984	
6.000E+02	2.147E+00	3.883E-04	2.147E+00	1.852E+02	1.849E+02	0.9985	
6.500E+02	2.089E+00	3.599E-04	2.089E+00	2.088E+02	2.085E+02	0.9985	
7.000E+02	2.040E+00	3.355E-04	2.040E+00	2.330E+02	2.327E+02	0.9985	
7.500E+02	1.998E+00	3.143E-04	1.998E+00	2.578E+02	2.574E+02	0.9986	
8.000E+02	1.961E+00	2.957E-04	1.962E+00	2.831E+02	2.827E+02	0.9986	
8.500E+02	1.930E+00	2.792E-04	1.930E+00	3.088E+02	3.083E+02	0.9986	
9.000E+02	1.903E+00	2.645E-04	1.903E+00	3.349E+02	3.344E+02	0.9987	
9.500E+02	1.879E+00	2.514E-04	1.879E+00	3.613E+02	3.608E+02	0.9987	
1.000E+03	1.858E+00	2.395E-04	1.859E+00	3.881E+02	3.876E+02	0.9987	
1.500E+03	1.745E+00	1.633E-04	1.745E+00	6.673E+02	6.666E+02	0.9989	
2.000E+03	1.708E+00	1.246E-04	1.708E+00	9.576E+02	9.566E+02	0.9990	
2.500E+03	1.698E+00	1.010E-04	1.699E+00	1.251E+03	1.250E+03	0.9991	
3.000E+03	1.701E+00	8.513E-05	1.701E+00	1.546E+03	1.544E+03	0.9992	
4.000E+03	1.718E+00	6.501E-05	1.718E+00	2.131E+03	2.130E+03	0.9993	
5.000E+03	1.740E+00	5.275E-05	1.740E+00	2.709E+03	2.708E+03	0.9994	
6.000E+03	1.762E+00	4.448E-05	1.762E+00	3.281E+03	3.279E+03	0.9994	
7.000E+03	1.783E+00	3.851E-05	1.783E+00	3.845E+03	3.843E+03	0.9995	
8.000E+03	1.803E+00	3.399E-05	1.803E+00	4.402E+03	4.400E+03	0.9995	
9.000E+03	1.821E+00	3.044E-05	1.821E+00	4.954E+03	4.952E+03	0.9996	
1.000E+04	1.838E+00	2.759E-05	1.838E+00	5.501E+03	5.498E+03	0.9996	