1.000E-03	1.749E+02	3.973E+01	2.147E+02	5.659E-06	2.667E-06	0.4713	
1.500E-03	2.142E+02	3.203E+01	2.463E+02	7.816E-06	4.006E-06	0.5125	
2.000E-03	2.474E+02	2.718E+01	2.746E+02	9.737E-06	5.307E-06	0.5451	
2.500E-03	2.766E+02	2.379E+01	3.004E+02	1.148E-05	6.558E-06	0.5714	
3.000E-03	3.030E+02	2.125E+01	3.242E+02	1.308E-05	7.761E-06	0.5934	
4.000E-03	3.459E+02	1.766E+01	3.635E+02	1.598E-05	1.005E-05	0.6287	
5.000E-03	3.841E+02	1.522E+01	3.994E+02	1.861E-05	1.221E-05	0.6560	
6.000E-03	4.187E+02	1.344E+01	4.322E+02	2.101E-05	1.424E-05	0.6779	
7.000E-03	4.504E+02	1.207E+01	4.624E+02	2.325E-05	1.618E-05	0.6961	
8.000E-03	4.790E+02	1.098E+01	4.899E+02	2.535E-05	1.804E-05	0.7116	
9.000E-03	5.052E+02	1.009E+01	5.153E+02	2.734E-05	1.982E-05	0.7249	
1.000E-02	5.298E+02	9.342E+00	5.391E+02	2.923E-05	2.153E-05	0.7365	
1.250E-02	5.791E+02	7.924E+00	5.870E+02	3.367E-05	2.560E-05	0.7604	
1.500E-02	6.208E+02	6.910E+00	6.277E+02	3.778E-05	2.944E-05	0.7791	
1.750E-02	6.571E+02	6.145E+00	6.632E+02	4.165E-05	3.309E-05	0.7943	
2.000E-02	6.893E+02	5.545E+00	6.948E+02	4.533E-05	3.658E-05	0.8069	
2.250E-02	7.179E+02	5.061E+00	7.229E+02	4.886E-05	3.995E-05	0.8177	
2.500E-02	7.432E+02	4.661E+00	7.479E+02	5.226E-05	4.322E-05	0.8270	
2.750E-02	7.657E+02	4.324E+00	7.700E+02	5.555E-05	4.639E-05	0.8351	
3.000E-02	7.858E+02	4.036E+00	7.898E+02	5.876E-05	4.949E-05	0.8424	
3.500E-02	8.208E+02	3.570E+00	8.244E+02	6.495E-05	5.551E-05	0.8546	
4.000E-02	8.505E+02	3.207E+00	8.537E+02	7.091E-05	6.132E-05	0.8648	
4.500E-02	8.750E+02	2.916E+00	8.779E+02	7.668E-05	6.697E-05	0.8733	
5.000E-02	8.945E+02	2.677E+00	8.972E+02	8.231E-05	7.249E-05	0.8807	
5.500E-02	9.093E+02	2.477E+00	9.118E+02	8.784E-05	7.792E-05	0.8871	
6.000E-02	9.201E+02	2.307E+00	9.224E+02	9.329E-05	8.328E-05	0.8928	
6.500E-02	9.274E+02	2.160E+00	9.296E+02	9.868E-05	8.860E-05	0.8978	
7.000E-02	9.319E+02	2.032E+00	9.340E+02	1.040E-04	9.390E-05	0.9024	
7.500E-02	9.339E+02	1.919E+00	9.358E+02	1.094E-04	9.918E-05	0.9066	
8.000E-02	9.337E+02	1.819E+00	9.355E+02	1.147E-04	1.045E-04	0.9104	
8.500E-02	9.316E+02	1.730E+00	9.334E+02	1.201E-04	1.097E-04	0.9139	
9.000E-02	9.280E+02	1.650E+00	9.296E+02	1.255E-04	1.151E-04	0.9171	
9.500E-02	9.229E+02	1.577E+00	9.245E+02	1.308E-04	1.204E-04	0.9202	
1.000E-01	9.168E+02	1.511E+00	9.183E+02	1.363E-04	1.258E-04	0.9230	
1.250E-01	8.744E+02	1.253E+00	8.757E+02	1.641E-04	1.534E-04	0.9347	
1.500E-01	8.232E+02	1.074E+00	8.243E+02	1.935E-04	1.826E-04	0.9436	
1.750E-01	7.713E+02	9.419E-01	7.723E+02	2.249E-04	2.138E-04	0.9506	
2.000E-01	7.224E+02	8.405E-01	7.232E+02	2.583E-04	2.470E-04	0.9563	
2.250E-01	6.762E+02	7.599E-01	6.769E+02	2.941E-04	2.826E-04	0.9611	
2.500E-01	6.340E+02	6.942E-01	6.346E+02	3.322E-04	3.206E-04	0.9650	
2.750E-01	5.962E+02	6.392E-01	5.969E+02	3.728E-04	3.611E-04	0.9684	
3.000E-01	5.628E+02	5.923E-01	5.634E+02	4.160E-04	4.040E-04	0.9713	
3.500E-01	5.072E+02	5.174E-01	5.077E+02	5.096E-04	4.973E-04	0.9759	
4.000E-01	4.634E+02	4.600E-01	4.639E+02	6.128E-04	6.001E-04	0.9793	
4.500E-01	4.285E+02	4.146E-01	4.289E+02	7.250E-04	7.120E-04	0.9820	
5.000E-01	4.002E+02	3.777E-01	4.006E+02	8.458E-04	8.324E-04	0.9842	
5.500E-01	3.767E+02	3.472E-01	3.770E+02	9.745E-04	9.607E-04	0.9859	
6.000E-01	3.561E+02	3.213E-01	3.564E+02	1.111E-03	1.097E-03	0.9872	
6.500E-01	3.380E+02	2.991E-01	3.383E+02	1.255E-03	1.240E-03	0.9884	
7.000E-01	3.219E+02	2.799E-01	3.222E+02	1.407E-03	1.392E-03	0.9893	
7.500E-01	3.075E+02	2.631E-01	3.078E+02	1.565E-03	1.550E-03	0.9901	
8.000E-01	2.945E+02	2.483E-01	2.948E+02	1.731E-03	1.716E-03	0.9908	
8.500E-01	2.828E+02	2.351E-01	2.830E+02	1.905E-03	1.888E-03	0.9914	
9.000E-01	2.720E+02	2.233E-01	2.722E+02	2.085E-03	2.068E-03	0.9920	
9.500E-01	2.621E+02	2.127E-01	2.623E+02	2.272E-03	2.255E-03	0.9924	
1.000E+00	2.530E+02	2.030E-01	2.532E+02	2.466E-03	2.448E-03	0.9928	
1.250E+00	2.166E+02	1.659E-01	2.168E+02	3.537E-03	3.517E-03	0.9943	
1.500E+00	1.904E+02	1.405E-01	1.905E+02	4.770E-03	4.747E-03	0.9952	
1.750E+00	1.703E+02	1.221E-01	1.705E+02	6.160E-03	6.134E-03	0.9958	
2.000E+00	1.545E+02	1.081E-01	1.546E+02	7.702E-03	7.672E-03	0.9962	
2.250E+00	1.417E+02	9.699E-02	1.418E+02	9.392E-03	9.359E-03	0.9965	
2.500E+00	1.310E+02	8.804E-02	1.311E+02	1.123E-02	1.119E-02	0.9968	
2.750E+00	1.220E+02	8.065E-02	1.221E+02	1.320E-02	1.316E-02	0.9970	
3.000E+00	1.143E+02	7.443E-02	1.143E+02	1.532E-02	1.528E-02	0.9971	
3.500E+00	1.016E+02	6.455E-02	1.017E+02	1.997E-02	1.991E-02	0.9974	
4.000E+00	9.173E+01	5.704E-02	9.179E+01	2.515E-02	2.509E-02	0.9975	
4.500E+00	8.374E+01	5.113E-02	8.379E+01	3.086E-02	3.079E-02	0.9977	
5.000E+00	7.714E+01	4.636E-02	7.719E+01	3.708E-02	3.700E-02	0.9978	
5.500E+00	7.160E+01	4.243E-02	7.164E+01	4.381E-02	4.372E-02	0.9978	
6.000E+00	6.686E+01	3.912E-02	6.690E+01	5.104E-02	5.093E-02	0.9979	
6.500E+00	6.276E+01	3.630E-02	6.280E+01	5.876E-02	5.864E-02	0.9980	
7.000E+00	5.918E+01	3.387E-02	5.921E+01	6.696E-02	6.683E-02	0.9980	
7.500E+00	5.602E+01	3.176E-02	5.605E+01	7.564E-02	7.550E-02	0.9981	
8.000E+00	5.321E+01	2.989E-02	5.324E+01	8.480E-02	8.464E-02	0.9981	
8.500E+00	5.070E+01	2.824E-02	5.073E+01	9.442E-02	9.425E-02	0.9981	
9.000E+00	4.843E+01	2.677E-02	4.845E+01	1.045E-01	1.043E-01	0.9982	
9.500E+00	4.637E+01	2.545E-02	4.640E+01	1.151E-01	1.149E-01	0.9982	
1.000E+01	4.450E+01	2.425E-02	4.452E+01	1.261E-01	1.258E-01	0.9982	
1.250E+01	3.717E+01	1.966E-02	3.719E+01	1.878E-01	1.875E-01	0.9983	
1.500E+01	3.206E+01	1.656E-02	3.208E+01	2.604E-01	2.600E-01	0.9984	
1.750E+01	2.829E+01	1.431E-02	2.831E+01	3.435E-01	3.430E-01	0.9984	
2.000E+01	2.538E+01	1.262E-02	2.539E+01	4.369E-01	4.363E-01	0.9985	
2.500E+01	2.117E+01	1.022E-02	2.118E+01	6.535E-01	6.526E-01	0.9985	
2.750E+01	1.960E+01	9.334E-03	1.961E+01	7.763E-01	7.752E-01	0.9985	
3.000E+01	1.826E+01	8.595E-03	1.827E+01	9.085E-01	9.072E-01	0.9986	
3.500E+01	1.612E+01	7.426E-03	1.613E+01	1.200E+00	1.199E+00	0.9986	
4.000E+01	1.448E+01	6.542E-03	1.449E+01	1.528E+00	1.526E+00	0.9986	
4.500E+01	1.318E+01	5.850E-03	1.318E+01	1.890E+00	1.888E+00	0.9987	
5.000E+01	1.212E+01	5.293E-03	1.212E+01	2.286E+00	2.283E+00	0.9987	
5.500E+01	1.123E+01	4.834E-03	1.124E+01	2.715E+00	2.712E+00	0.9987	
6.000E+01	1.049E+01	4.451E-03	1.050E+01	3.176E+00	3.172E+00	0.9987	
6.500E+01	9.854E+00	4.124E-03	9.858E+00	3.668E+00	3.663E+00	0.9987	
7.000E+01	9.302E+00	3.844E-03	9.306E+00	4.190E+00	4.185E+00	0.9987	
7.500E+01	8.819E+00	3.599E-03	8.823E+00	4.742E+00	4.736E+00	0.9988	
8.000E+01	8.393E+00	3.385E-03	8.397E+00	5.323E+00	5.317E+00	0.9988	
8.500E+01	8.014E+00	3.195E-03	8.018E+00	5.933E+00	5.926E+00	0.9988	
9.000E+01	7.675E+00	3.026E-03	7.678E+00	6.570E+00	6.562E+00	0.9988	
9.500E+01	7.369E+00	2.874E-03	7.372E+00	7.235E+00	7.226E+00	0.9988	
1.000E+02	7.093E+00	2.737E-03	7.095E+00	7.927E+00	7.917E+00	0.9988	
1.250E+02	6.025E+00	2.213E-03	6.027E+00	1.177E+01	1.175E+01	0.9988	
1.500E+02	5.298E+00	1.861E-03	5.300E+00	1.620E+01	1.619E+01	0.9989	
1.750E+02	4.770E+00	1.607E-03	4.772E+00	2.119E+01	2.116E+01	0.9989	
2.000E+02	4.371E+00	1.415E-03	4.372E+00	2.667E+01	2.664E+01	0.9989	
2.250E+02	4.057E+00	1.265E-03	4.058E+00	3.261E+01	3.258E+01	0.9990	
2.500E+02	3.805E+00	1.144E-03	3.806E+00	3.898E+01	3.894E+01	0.9990	
2.750E+02	3.598E+00	1.045E-03	3.599E+00	4.574E+01	4.569E+01	0.9990	
3.000E+02	3.425E+00	9.618E-04	3.426E+00	5.286E+01	5.281E+01	0.9990	
3.500E+02	3.153E+00	8.306E-04	3.154E+00	6.810E+01	6.804E+01	0.9991	
4.000E+02	2.950E+00	7.316E-04	2.951E+00	8.451E+01	8.443E+01	0.9991	
4.500E+02	2.793E+00	6.541E-04	2.794E+00	1.019E+02	1.019E+02	0.9991	
5.000E+02	2.669E+00	5.918E-04	2.670E+00	1.203E+02	1.202E+02	0.9991	
5.500E+02	2.569E+00	5.406E-04	2.569E+00	1.394E+02	1.393E+02	0.9992	
6.000E+02	2.486E+00	4.977E-04	2.487E+00	1.592E+02	1.590E+02	0.9992	
6.500E+02	2.418E+00	4.613E-04	2.418E+00	1.796E+02	1.794E+02	0.9992	
7.000E+02	2.360E+00	4.300E-04	2.361E+00	2.005E+02	2.003E+02	0.9992	
7.500E+02	2.311E+00	4.028E-04	2.312E+00	2.219E+02	2.217E+02	0.9992	
8.000E+02	2.269E+00	3.789E-04	2.269E+00	2.437E+02	2.435E+02	0.9992	
8.500E+02	2.231E+00	3.577E-04	2.232E+00	2.660E+02	2.658E+02	0.9993	
9.000E+02	2.199E+00	3.389E-04	2.199E+00	2.885E+02	2.883E+02	0.9993	
9.500E+02	2.170E+00	3.220E-04	2.170E+00	3.114E+02	3.112E+02	0.9993	
1.000E+03	2.145E+00	3.067E-04	2.145E+00	3.346E+02	3.344E+02	0.9993	
1.500E+03	2.004E+00	2.091E-04	2.004E+00	5.772E+02	5.768E+02	0.9994	
2.000E+03	1.954E+00	1.594E-04	1.954E+00	8.303E+02	8.299E+02	0.9995	
2.500E+03	1.937E+00	1.292E-04	1.937E+00	1.088E+03	1.087E+03	0.9995	
3.000E+03	1.934E+00	1.089E-04	1.934E+00	1.346E+03	1.345E+03	0.9996	
4.000E+03	1.945E+00	8.309E-05	1.945E+00	1.862E+03	1.861E+03	0.9996	
5.000E+03	1.964E+00	6.740E-05	1.964E+00	2.374E+03	2.373E+03	0.9997	
6.000E+03	1.985E+00	5.682E-05	1.985E+00	2.880E+03	2.879E+03	0.9997	
7.000E+03	2.005E+00	4.918E-05	2.005E+00	3.381E+03	3.380E+03	0.9997	
8.000E+03	2.024E+00	4.340E-05	2.024E+00	3.877E+03	3.876E+03	0.9997	
9.000E+03	2.042E+00	3.886E-05	2.042E+00	4.369E+03	4.368E+03	0.9998	
1.000E+04	2.059E+00	3.521E-05	2.059E+00	4.857E+03	4.856E+03	0.9998	