1.00E-03	4.11E+01	3.56E+00	4.47E+01	3.64E-05	6.40E-06	1.76E-01
1.50E-03	5.03E+01	3.31E+00	5.37E+01	4.65E-05	9.25E-06	1.99E-01
2.00E-03	5.81E+01	3.11E+00	6.12E+01	5.53E-05	1.21E-05	2.18E-01
2.50E-03	6.50E+01	2.94E+00	6.79E+01	6.30E-05	1.48E-05	2.35E-01
3.00E-03	7.12E+01	2.79E+00	7.40E+01	7.00E-05	1.75E-05	2.50E-01
4.00E-03	8.22E+01	2.56E+00	8.48E+01	8.26E-05	2.28E-05	2.76E-01
5.00E-03	9.19E+01	2.37E+00	9.43E+01	9.38E-05	2.80E-05	2.98E-01
6.00E-03	1.01E+02	2.22E+00	1.03E+02	1.04E-04	3.30E-05	3.18E-01
7.00E-03	1.09E+02	2.09E+00	1.11E+02	1.13E-04	3.79E-05	3.35E-01
8.00E-03	1.16E+02	1.98E+00	1.18E+02	1.22E-04	4.28E-05	3.50E-01
9.00E-03	1.23E+02	1.88E+00	1.25E+02	1.30E-04	4.75E-05	3.65E-01
1.00E-02	1.30E+02	1.80E+00	1.32E+02	1.38E-04	5.21E-05	3.78E-01
1.25E-02	1.43E+02	1.63E+00	1.45E+02	1.56E-04	6.34E-05	4.06E-01
1.50E-02	1.55E+02	1.49E+00	1.57E+02	1.73E-04	7.44E-05	4.31E-01
1.75E-02	1.66E+02	1.38E+00	1.67E+02	1.88E-04	8.51E-05	4.52E-01
2.00E-02	1.75E+02	1.29E+00	1.77E+02	2.03E-04	9.55E-05	4.71E-01
2.25E-02	1.84E+02	1.21E+00	1.85E+02	2.17E-04	1.06E-04	4.88E-01
2.50E-02	1.92E+02	1.14E+00	1.93E+02	2.30E-04	1.16E-04	5.04E-01
2.75E-02	2.00E+02	1.08E+00	2.01E+02	2.42E-04	1.25E-04	5.18E-01
3.00E-02	2.07E+02	1.03E+00	2.08E+02	2.55E-04	1.35E-04	5.30E-01
3.50E-02	2.19E+02	9.41E-01	2.20E+02	2.78E-04	1.54E-04	5.53E-01
4.00E-02	2.30E+02	8.69E-01	2.31E+02	3.00E-04	1.72E-04	5.73E-01
4.50E-02	2.39E+02	8.09E-01	2.40E+02	3.21E-04	1.90E-04	5.90E-01
5.00E-02	2.47E+02	7.57E-01	2.48E+02	3.42E-04	2.07E-04	6.05E-01
5.50E-02	2.54E+02	7.13E-01	2.54E+02	3.62E-04	2.24E-04	6.19E-01
6.00E-02	2.59E+02	6.74E-01	2.60E+02	3.81E-04	2.41E-04	6.32E-01
6.50E-02	2.64E+02	6.40E-01	2.65E+02	4.00E-04	2.58E-04	6.44E-01
7.00E-02	2.68E+02	6.10E-01	2.69E+02	4.19E-04	2.74E-04	6.54E-01
7.50E-02	2.71E+02	5.83E-01	2.72E+02	4.38E-04	2.91E-04	6.64E-01
8.00E-02	2.74E+02	5.58E-01	2.74E+02	4.56E-04	3.07E-04	6.74E-01
8.50E-02	2.75E+02	5.36E-01	2.76E+02	4.74E-04	3.23E-04	6.82E-01
9.00E-02	2.77E+02	5.15E-01	2.77E+02	4.92E-04	3.40E-04	6.90E-01
9.50E-02	2.77E+02	4.96E-01	2.78E+02	5.10E-04	3.56E-04	6.98E-01
1.00E-01	2.78E+02	4.79E-01	2.78E+02	5.28E-04	3.73E-04	7.05E-01
1.25E-01	2.74E+02	4.10E-01	2.74E+02	6.19E-04	4.56E-04	7.37E-01
1.50E-01	2.64E+02	3.60E-01	2.65E+02	7.11E-04	5.42E-04	7.63E-01
1.75E-01	2.52E+02	3.21E-01	2.53E+02	8.08E-04	6.33E-04	7.84E-01
2.00E-01	2.40E+02	2.91E-01	2.40E+02	9.09E-04	7.29E-04	8.02E-01
2.25E-01	2.28E+02	2.67E-01	2.28E+02	1.02E-03	8.31E-04	8.17E-01
2.50E-01	2.16E+02	2.46E-01	2.17E+02	1.13E-03	9.38E-04	8.31E-01
2.75E-01	2.06E+02	2.29E-01	2.06E+02	1.25E-03	1.05E-03	8.43E-01
3.00E-01	1.97E+02	2.14E-01	1.97E+02	1.37E-03	1.17E-03	8.53E-01
3.50E-01	1.81E+02	1.90E-01	1.81E+02	1.64E-03	1.43E-03	8.71E-01
4.00E-01	1.68E+02	1.72E-01	1.68E+02	1.92E-03	1.70E-03	8.84E-01
4.50E-01	1.57E+02	1.56E-01	1.58E+02	2.23E-03	2.00E-03	8.95E-01
5.00E-01	1.49E+02	1.44E-01	1.49E+02	2.56E-03	2.31E-03	9.04E-01
5.50E-01	1.41E+02	1.33E-01	1.41E+02	2.90E-03	2.65E-03	9.12E-01
6.00E-01	1.35E+02	1.24E-01	1.35E+02	3.27E-03	3.00E-03	9.18E-01
6.50E-01	1.29E+02	1.17E-01	1.29E+02	3.65E-03	3.37E-03	9.24E-01
7.00E-01	1.24E+02	1.10E-01	1.24E+02	4.04E-03	3.75E-03	9.28E-01
7.50E-01	1.20E+02	1.04E-01	1.20E+02	4.45E-03	4.15E-03	9.32E-01
8.00E-01	1.16E+02	9.86E-02	1.16E+02	4.88E-03	4.56E-03	9.36E-01
8.50E-01	1.12E+02	9.38E-02	1.12E+02	5.31E-03	4.99E-03	9.39E-01
9.00E-01	1.08E+02	8.95E-02	1.09E+02	5.77E-03	5.43E-03	9.41E-01
9.50E-01	1.05E+02	8.57E-02	1.05E+02	6.24E-03	5.88E-03	9.44E-01
1.00E+00	1.02E+02	8.21E-02	1.02E+02	6.72E-03	6.35E-03	9.46E-01
1.25E+00	8.88E+01	6.83E-02	8.89E+01	9.35E-03	8.92E-03	9.54E-01
1.50E+00	7.90E+01	5.87E-02	7.91E+01	1.23E-02	1.18E-02	9.59E-01
1.75E+00	7.15E+01	5.16E-02	7.15E+01	1.57E-02	1.51E-02	9.63E-01
2.00E+00	6.55E+01	4.61E-02	6.56E+01	1.93E-02	1.87E-02	9.66E-01
2.25E+00	6.08E+01	4.17E-02	6.08E+01	2.33E-02	2.25E-02	9.68E-01
2.50E+00	5.68E+01	3.82E-02	5.68E+01	2.76E-02	2.67E-02	9.70E-01
2.75E+00	5.35E+01	3.52E-02	5.35E+01	3.21E-02	3.12E-02	9.71E-01
3.00E+00	5.07E+01	3.27E-02	5.07E+01	3.69E-02	3.59E-02	9.72E-01
3.50E+00	4.61E+01	2.86E-02	4.61E+01	4.72E-02	4.60E-02	9.74E-01
4.00E+00	4.23E+01	2.55E-02	4.24E+01	5.86E-02	5.71E-02	9.75E-01
4.50E+00	3.93E+01	2.31E-02	3.93E+01	7.08E-02	6.92E-02	9.77E-01
5.00E+00	3.67E+01	2.10E-02	3.67E+01	8.40E-02	8.21E-02	9.77E-01
5.50E+00	3.44E+01	1.94E-02	3.45E+01	9.81E-02	9.60E-02	9.78E-01
6.00E+00	3.25E+01	1.80E-02	3.25E+01	1.13E-01	1.11E-01	9.79E-01
6.50E+00	3.08E+01	1.67E-02	3.08E+01	1.29E-01	1.26E-01	9.79E-01
7.00E+00	2.93E+01	1.57E-02	2.93E+01	1.46E-01	1.43E-01	9.80E-01
7.50E+00	2.80E+01	1.48E-02	2.80E+01	1.63E-01	1.60E-01	9.80E-01
8.00E+00	2.68E+01	1.40E-02	2.68E+01	1.81E-01	1.78E-01	9.81E-01
8.50E+00	2.57E+01	1.32E-02	2.57E+01	2.00E-01	1.96E-01	9.81E-01
9.00E+00	2.47E+01	1.26E-02	2.47E+01	2.20E-01	2.16E-01	9.81E-01
9.50E+00	2.38E+01	1.20E-02	2.38E+01	2.41E-01	2.36E-01	9.82E-01
1.00E+01	2.29E+01	1.15E-02	2.29E+01	2.62E-01	2.57E-01	9.82E-01
1.25E+01	1.96E+01	9.41E-03	1.96E+01	3.81E-01	3.74E-01	9.83E-01
1.50E+01	1.72E+01	8.01E-03	1.72E+01	5.17E-01	5.09E-01	9.84E-01
1.75E+01	1.54E+01	6.98E-03	1.54E+01	6.71E-01	6.61E-01	9.84E-01
2.00E+01	1.39E+01	6.19E-03	1.40E+01	8.42E-01	8.29E-01	0.9847
2.50E+01	1.18E+01	5.07E-03	1.18E+01	1.23E+00	1.22E+00	0.9854
2.75E+01	1.10E+01	4.65E-03	1.10E+01	1.45E+00	1.43E+00	0.9857
3.00E+01	1.03E+01	4.30E-03	1.04E+01	1.69E+00	1.66E+00	0.986
3.50E+01	9.22E+00	3.74E-03	9.23E+00	2.20E+00	2.17E+00	0.9864
4.00E+01	8.35E+00	3.32E-03	8.36E+00	2.77E+00	2.73E+00	0.9868
4.50E+01	7.65E+00	2.98E-03	7.66E+00	3.40E+00	3.35E+00	0.9871
5.00E+01	7.08E+00	2.71E-03	7.08E+00	4.07E+00	4.02E+00	0.9873
5.50E+01	6.60E+00	2.48E-03	6.60E+00	4.81E+00	4.75E+00	0.9875
6.00E+01	6.19E+00	2.29E-03	6.19E+00	5.59E+00	5.52E+00	0.9877
6.50E+01	5.84E+00	2.13E-03	5.84E+00	6.42E+00	6.34E+00	0.9879
7.00E+01	5.53E+00	1.99E-03	5.53E+00	7.30E+00	7.22E+00	0.9881
7.50E+01	5.26E+00	1.87E-03	5.26E+00	8.23E+00	8.13E+00	0.9882
8.00E+01	5.02E+00	1.76E-03	5.02E+00	9.20E+00	9.10E+00	0.9883
8.50E+01	4.81E+00	1.67E-03	4.81E+00	1.02E+01	1.01E+01	0.9885
9.00E+01	4.61E+00	1.58E-03	4.62E+00	1.13E+01	1.12E+01	0.9886
9.50E+01	4.44E+00	1.51E-03	4.44E+00	1.24E+01	1.23E+01	0.9887
1.00E+02	4.28E+00	1.44E-03	4.28E+00	1.35E+01	1.34E+01	0.9888
1.25E+02	3.67E+00	1.17E-03	3.67E+00	1.99E+01	1.97E+01	0.9892
1.50E+02	3.25E+00	9.87E-04	3.25E+00	2.71E+01	2.68E+01	0.9896
1.75E+02	2.94E+00	8.56E-04	2.94E+00	3.52E+01	3.49E+01	0.9899
2.00E+02	2.71E+00	7.56E-04	2.71E+00	4.41E+01	4.37E+01	0.9902
2.25E+02	2.52E+00	6.77E-04	2.52E+00	5.37E+01	5.32E+01	0.9904
2.50E+02	2.37E+00	6.14E-04	2.37E+00	6.39E+01	6.33E+01	0.9906
2.75E+02	2.25E+00	5.62E-04	2.25E+00	7.48E+01	7.41E+01	0.9908
3.00E+02	2.15E+00	5.18E-04	2.15E+00	8.61E+01	8.54E+01	0.991
3.50E+02	1.98E+00	4.49E-04	1.98E+00	1.10E+02	1.09E+02	0.9913
4.00E+02	1.86E+00	3.96E-04	1.86E+00	1.36E+02	1.35E+02	0.9916
4.50E+02	1.77E+00	3.55E-04	1.77E+00	1.64E+02	1.63E+02	0.9919
5.00E+02	1.70E+00	3.21E-04	1.70E+00	1.93E+02	1.91E+02	0.9921
5.50E+02	1.64E+00	2.94E-04	1.64E+00	2.23E+02	2.21E+02	0.9923
6.00E+02	1.59E+00	2.71E-04	1.59E+00	2.54E+02	2.52E+02	0.9925
6.50E+02	1.55E+00	2.51E-04	1.55E+00	2.86E+02	2.84E+02	0.9927
7.00E+02	1.51E+00	2.34E-04	1.51E+00	3.19E+02	3.16E+02	0.9929
7.50E+02	1.48E+00	2.20E-04	1.48E+00	3.52E+02	3.50E+02	0.993
8.00E+02	1.46E+00	2.07E-04	1.46E+00	3.86E+02	3.83E+02	0.9932
8.50E+02	1.44E+00	1.95E-04	1.44E+00	4.21E+02	4.18E+02	0.9933
9.00E+02	1.42E+00	1.85E-04	1.42E+00	4.56E+02	4.53E+02	0.9934
9.50E+02	1.40E+00	1.76E-04	1.40E+00	4.91E+02	4.88E+02	0.9936
1.00E+03	1.39E+00	1.68E-04	1.39E+00	5.27E+02	5.24E+02	0.9937
1.50E+03	1.32E+00	1.15E-04	1.32E+00	8.98E+02	8.93E+02	0.9946
2.00E+03	1.30E+00	8.76E-05	1.30E+00	1.28E+03	1.27E+03	0.9953
2.50E+03	1.31E+00	7.11E-05	1.31E+00	1.66E+03	1.66E+03	0.9957
3.00E+03	1.32E+00	6.00E-05	1.32E+00	2.05E+03	2.04E+03	0.9961
4.00E+03	1.34E+00	4.59E-05	1.34E+00	2.80E+03	2.79E+03	0.9966
5.00E+03	1.37E+00	3.72E-05	1.37E+00	3.54E+03	3.53E+03	0.997
6.00E+03	1.39E+00	3.14E-05	1.39E+00	4.26E+03	4.25E+03	0.9973
7.00E+03	1.41E+00	2.72E-05	1.41E+00	4.98E+03	4.96E+03	0.9975
8.00E+03	1.44E+00	2.40E-05	1.44E+00	5.68E+03	5.67E+03	0.9977
9.00E+03	1.45E+00	2.15E-05	1.45E+00	6.37E+03	6.36E+03	0.9979
1.00E+04	1.47E+00	1.95E-05	1.47E+00	7.05E+03	7.04E+03	0.998