1.00E-03	1.48E+01	8.98E-01	1.57E+01	1.12E-04	9.84E-06	0.0883
1.50E-03	1.81E+01	9.18E-01	1.90E+01	1.40E-04	1.40E-05	0.1
2.00E-03	2.09E+01	9.23E-01	2.18E+01	1.65E-04	1.81E-05	0.1102
2.50E-03	2.33E+01	9.22E-01	2.43E+01	1.86E-04	2.22E-05	0.1192
3.00E-03	2.56E+01	9.16E-01	2.65E+01	2.06E-04	2.63E-05	0.1274
4.00E-03	2.95E+01	9.00E-01	3.04E+01	2.41E-04	3.43E-05	0.1421
5.00E-03	3.30E+01	8.81E-01	3.39E+01	2.72E-04	4.23E-05	0.1552
6.00E-03	3.62E+01	8.61E-01	3.70E+01	3.01E-04	5.02E-05	0.167
7.00E-03	3.90E+01	8.41E-01	3.99E+01	3.27E-04	5.81E-05	0.178
8.00E-03	4.17E+01	8.22E-01	4.26E+01	3.51E-04	6.60E-05	0.1882
9.00E-03	4.43E+01	8.03E-01	4.51E+01	3.74E-04	7.39E-05	0.1977
1.00E-02	4.67E+01	7.85E-01	4.75E+01	3.95E-04	8.17E-05	0.2067
1.25E-02	5.15E+01	7.43E-01	5.23E+01	4.45E-04	1.01E-04	0.2274
1.50E-02	5.58E+01	7.07E-01	5.65E+01	4.91E-04	1.21E-04	0.246
1.75E-02	5.97E+01	6.74E-01	6.03E+01	5.34E-04	1.40E-04	0.2628
2.00E-02	6.32E+01	6.45E-01	6.38E+01	5.74E-04	1.60E-04	0.2782
2.25E-02	6.64E+01	6.18E-01	6.71E+01	6.13E-04	1.79E-04	0.2925
2.50E-02	6.94E+01	5.95E-01	7.00E+01	6.49E-04	1.98E-04	0.3057
2.75E-02	7.22E+01	5.73E-01	7.28E+01	6.84E-04	2.18E-04	0.318
3.00E-02	7.48E+01	5.53E-01	7.54E+01	7.18E-04	2.37E-04	0.3296
3.50E-02	7.96E+01	5.18E-01	8.01E+01	7.82E-04	2.74E-04	0.3508
4.00E-02	8.38E+01	4.88E-01	8.43E+01	8.43E-04	3.12E-04	0.3698
4.50E-02	8.75E+01	4.62E-01	8.80E+01	9.01E-04	3.49E-04	0.3871
5.00E-02	9.08E+01	4.39E-01	9.13E+01	9.57E-04	3.86E-04	0.403
5.50E-02	9.38E+01	4.19E-01	9.42E+01	1.01E-03	4.22E-04	0.4176
6.00E-02	9.64E+01	4.01E-01	9.68E+01	1.06E-03	4.58E-04	0.4311
6.50E-02	9.87E+01	3.84E-01	9.91E+01	1.11E-03	4.94E-04	0.4438
7.00E-02	1.01E+02	3.69E-01	1.01E+02	1.16E-03	5.30E-04	0.4556
7.50E-02	1.03E+02	3.56E-01	1.03E+02	1.21E-03	5.66E-04	0.4668
8.00E-02	1.04E+02	3.43E-01	1.05E+02	1.26E-03	6.02E-04	0.4773
8.50E-02	1.06E+02	3.32E-01	1.06E+02	1.31E-03	6.38E-04	0.4872
9.00E-02	1.07E+02	3.21E-01	1.07E+02	1.36E-03	6.73E-04	0.4967
9.50E-02	1.08E+02	3.11E-01	1.08E+02	1.40E-03	7.09E-04	0.5057
1.00E-01	1.09E+02	3.02E-01	1.09E+02	1.45E-03	7.45E-04	0.5143
1.25E-01	1.12E+02	2.64E-01	1.12E+02	1.67E-03	9.24E-04	0.5522
1.50E-01	1.12E+02	2.36E-01	1.12E+02	1.90E-03	1.11E-03	0.5836
1.75E-01	1.11E+02	2.13E-01	1.11E+02	2.12E-03	1.29E-03	0.6104
2.00E-01	1.10E+02	1.96E-01	1.10E+02	2.35E-03	1.49E-03	0.6337
2.25E-01	1.08E+02	1.81E-01	1.08E+02	2.58E-03	1.69E-03	0.6541
2.50E-01	1.05E+02	1.68E-01	1.06E+02	2.81E-03	1.89E-03	0.6723
2.75E-01	1.03E+02	1.57E-01	1.03E+02	3.05E-03	2.10E-03	0.6885
3.00E-01	1.01E+02	1.48E-01	1.01E+02	3.29E-03	2.32E-03	0.7031
3.50E-01	9.63E+01	1.33E-01	9.65E+01	3.80E-03	2.77E-03	0.7284
4.00E-01	9.18E+01	1.21E-01	9.19E+01	4.33E-03	3.25E-03	0.7495
4.50E-01	8.77E+01	1.11E-01	8.78E+01	4.89E-03	3.75E-03	0.7675
5.00E-01	8.41E+01	1.02E-01	8.42E+01	5.47E-03	4.28E-03	0.7829
5.50E-01	8.08E+01	9.53E-02	8.09E+01	6.08E-03	4.84E-03	0.7962
6.00E-01	7.80E+01	8.93E-02	7.81E+01	6.71E-03	5.42E-03	0.8077
6.50E-01	7.55E+01	8.41E-02	7.56E+01	7.36E-03	6.02E-03	0.8179
7.00E-01	7.32E+01	7.95E-02	7.33E+01	8.03E-03	6.64E-03	0.8269
7.50E-01	7.11E+01	7.54E-02	7.12E+01	8.72E-03	7.28E-03	0.8348
8.00E-01	6.92E+01	7.17E-02	6.93E+01	9.43E-03	7.94E-03	0.842
8.50E-01	6.75E+01	6.84E-02	6.75E+01	1.02E-02	8.62E-03	0.8484
9.00E-01	6.58E+01	6.55E-02	6.59E+01	1.09E-02	9.32E-03	0.8542
9.50E-01	6.43E+01	6.28E-02	6.44E+01	1.17E-02	1.00E-02	0.8595
1.00E+00	6.29E+01	6.03E-02	6.30E+01	1.25E-02	1.08E-02	0.8643
1.25E+00	5.70E+01	5.06E-02	5.70E+01	1.67E-02	1.47E-02	0.8831
1.50E+00	5.24E+01	4.37E-02	5.24E+01	2.12E-02	1.90E-02	0.8962
1.75E+00	4.87E+01	3.86E-02	4.87E+01	2.62E-02	2.37E-02	0.9059
2.00E+00	4.56E+01	3.47E-02	4.56E+01	3.15E-02	2.88E-02	0.9133
2.25E+00	4.30E+01	3.15E-02	4.30E+01	3.71E-02	3.41E-02	0.9193
2.50E+00	4.07E+01	2.89E-02	4.07E+01	4.31E-02	3.98E-02	0.9241
2.75E+00	3.87E+01	2.67E-02	3.87E+01	4.94E-02	4.59E-02	0.9281
3.00E+00	3.69E+01	2.49E-02	3.69E+01	5.60E-02	5.22E-02	0.9315
3.50E+00	3.39E+01	2.19E-02	3.39E+01	7.02E-02	6.58E-02	0.937
4.00E+00	3.15E+01	1.96E-02	3.15E+01	8.55E-02	8.05E-02	0.9413
4.50E+00	2.94E+01	1.77E-02	2.94E+01	1.02E-01	9.63E-02	0.9446
5.00E+00	2.77E+01	1.62E-02	2.77E+01	1.20E-01	1.13E-01	0.9474
5.50E+00	2.61E+01	1.50E-02	2.61E+01	1.38E-01	1.31E-01	0.9497
6.00E+00	2.48E+01	1.39E-02	2.48E+01	1.58E-01	1.50E-01	0.9517
6.50E+00	2.36E+01	1.30E-02	2.36E+01	1.78E-01	1.70E-01	0.9534
7.00E+00	2.26E+01	1.22E-02	2.26E+01	2.00E-01	1.91E-01	0.9549
7.50E+00	2.16E+01	1.15E-02	2.16E+01	2.23E-01	2.13E-01	0.9562
8.00E+00	2.07E+01	1.09E-02	2.08E+01	2.46E-01	2.36E-01	0.9573
8.50E+00	2.00E+01	1.03E-02	2.00E+01	2.71E-01	2.60E-01	0.9584
9.00E+00	1.92E+01	9.85E-03	1.93E+01	2.96E-01	2.84E-01	0.9593
9.50E+00	1.86E+01	9.40E-03	1.86E+01	3.23E-01	3.10E-01	0.9602
1.00E+01	1.80E+01	9.00E-03	1.80E+01	3.50E-01	3.37E-01	0.961
1.25E+01	1.55E+01	7.42E-03	1.55E+01	5.00E-01	4.82E-01	0.964
1.50E+01	1.37E+01	6.34E-03	1.38E+01	6.72E-01	6.49E-01	0.9662
1.75E+01	1.24E+01	5.54E-03	1.24E+01	8.64E-01	8.36E-01	0.9679
2.00E+01	1.13E+01	4.93E-03	1.13E+01	1.08E+00	1.04E+00	0.9692
2.50E+01	9.66E+00	4.05E-03	9.67E+00	1.56E+00	1.51E+00	0.9711
2.75E+01	9.04E+00	3.73E-03	9.04E+00	1.82E+00	1.77E+00	0.9719
3.00E+01	8.50E+00	3.45E-03	8.50E+00	2.11E+00	2.05E+00	0.9725
3.50E+01	7.62E+00	3.01E-03	7.62E+00	2.73E+00	2.66E+00	0.9736
4.00E+01	6.92E+00	2.68E-03	6.93E+00	3.42E+00	3.33E+00	0.9745
4.50E+01	6.37E+00	2.41E-03	6.37E+00	4.17E+00	4.07E+00	0.9752
5.00E+01	5.90E+00	2.20E-03	5.91E+00	4.99E+00	4.87E+00	0.9758
5.50E+01	5.52E+00	2.02E-03	5.52E+00	5.87E+00	5.73E+00	0.9763
6.00E+01	5.19E+00	1.87E-03	5.19E+00	6.80E+00	6.64E+00	0.9768
6.50E+01	4.90E+00	1.74E-03	4.90E+00	7.79E+00	7.62E+00	0.9772
7.00E+01	4.65E+00	1.62E-03	4.65E+00	8.84E+00	8.64E+00	0.9775
7.50E+01	4.43E+00	1.53E-03	4.43E+00	9.94E+00	9.72E+00	0.9779
8.00E+01	4.23E+00	1.44E-03	4.23E+00	1.11E+01	1.09E+01	0.9782
8.50E+01	4.06E+00	1.36E-03	4.06E+00	1.23E+01	1.20E+01	0.9784
9.00E+01	3.90E+00	1.30E-03	3.90E+00	1.36E+01	1.33E+01	0.9787
9.50E+01	3.76E+00	1.23E-03	3.76E+00	1.49E+01	1.46E+01	0.9789
1.00E+02	3.63E+00	1.18E-03	3.63E+00	1.62E+01	1.59E+01	0.9792
1.25E+02	3.12E+00	9.63E-04	3.12E+00	2.37E+01	2.32E+01	0.9801
1.50E+02	2.77E+00	8.16E-04	2.77E+00	3.22E+01	3.16E+01	0.9808
1.75E+02	2.51E+00	7.09E-04	2.51E+00	4.17E+01	4.09E+01	0.9814
2.00E+02	2.32E+00	6.27E-04	2.32E+00	5.21E+01	5.11E+01	0.982
2.25E+02	2.16E+00	5.63E-04	2.16E+00	6.33E+01	6.22E+01	0.9824
2.50E+02	2.03E+00	5.11E-04	2.03E+00	7.52E+01	7.39E+01	0.9828
2.75E+02	1.93E+00	4.68E-04	1.93E+00	8.78E+01	8.64E+01	0.9832
3.00E+02	1.84E+00	4.32E-04	1.84E+00	1.01E+02	9.94E+01	0.9835
3.50E+02	1.71E+00	3.75E-04	1.71E+00	1.29E+02	1.27E+02	0.9842
4.00E+02	1.60E+00	3.32E-04	1.60E+00	1.60E+02	1.57E+02	0.9847
4.50E+02	1.52E+00	2.97E-04	1.52E+00	1.92E+02	1.89E+02	0.9852
5.00E+02	1.46E+00	2.70E-04	1.46E+00	2.25E+02	2.22E+02	0.9856
5.50E+02	1.41E+00	2.47E-04	1.41E+00	2.60E+02	2.56E+02	0.986
6.00E+02	1.37E+00	2.28E-04	1.37E+00	2.96E+02	2.92E+02	0.9863
6.50E+02	1.33E+00	2.11E-04	1.33E+00	3.33E+02	3.29E+02	0.9867
7.00E+02	1.31E+00	1.97E-04	1.31E+00	3.71E+02	3.66E+02	0.987
7.50E+02	1.28E+00	1.85E-04	1.28E+00	4.10E+02	4.04E+02	0.9873
8.00E+02	1.26E+00	1.74E-04	1.26E+00	4.49E+02	4.43E+02	0.9876
8.50E+02	1.24E+00	1.65E-04	1.24E+00	4.89E+02	4.83E+02	0.9878
9.00E+02	1.23E+00	1.56E-04	1.23E+00	5.30E+02	5.23E+02	0.9881
9.50E+02	1.21E+00	1.49E-04	1.21E+00	5.71E+02	5.64E+02	0.9883
1.00E+03	1.20E+00	1.42E-04	1.20E+00	6.12E+02	6.05E+02	0.9885
1.50E+03	1.14E+00	9.70E-05	1.14E+00	1.04E+03	1.03E+03	0.9902
2.00E+03	1.13E+00	7.42E-05	1.13E+00	1.48E+03	1.47E+03	0.9914
2.50E+03	1.13E+00	6.03E-05	1.13E+00	1.92E+03	1.91E+03	0.9922
3.00E+03	1.14E+00	5.09E-05	1.14E+00	2.36E+03	2.35E+03	0.9929
4.00E+03	1.17E+00	3.89E-05	1.17E+00	3.23E+03	3.21E+03	0.9939
5.00E+03	1.19E+00	3.16E-05	1.19E+00	4.08E+03	4.06E+03	0.9946
6.00E+03	1.22E+00	2.67E-05	1.22E+00	4.91E+03	4.88E+03	0.9951
7.00E+03	1.24E+00	2.31E-05	1.24E+00	5.72E+03	5.70E+03	0.9955
8.00E+03	1.26E+00	2.04E-05	1.26E+00	6.53E+03	6.50E+03	0.9959
9.00E+03	1.27E+00	1.83E-05	1.27E+00	7.32E+03	7.29E+03	0.9961
1.00E+04	1.29E+00	1.66E-05	1.29E+00	8.10E+03	8.07E+03	0.9964