1.00E-03	4.02E+01	2.54E+00	4.27E+01	4.01E-05	6.26E-06	0.156
1.50E-03	4.92E+01	2.50E+00	5.17E+01	5.07E-05	8.99E-06	0.1775
2.00E-03	5.68E+01	2.45E+00	5.93E+01	5.97E-05	1.17E-05	0.1958
2.50E-03	6.35E+01	2.38E+00	6.59E+01	6.77E-05	1.43E-05	0.2117
3.00E-03	6.96E+01	2.32E+00	7.19E+01	7.49E-05	1.69E-05	0.226
4.00E-03	8.04E+01	2.20E+00	8.26E+01	8.79E-05	2.21E-05	0.2512
5.00E-03	8.98E+01	2.09E+00	9.19E+01	9.93E-05	2.71E-05	0.2728
6.00E-03	9.84E+01	1.99E+00	1.00E+02	1.10E-04	3.20E-05	0.292
7.00E-03	1.06E+02	1.90E+00	1.08E+02	1.19E-04	3.69E-05	0.3092
8.00E-03	1.14E+02	1.82E+00	1.16E+02	1.28E-04	4.17E-05	0.3248
9.00E-03	1.21E+02	1.75E+00	1.22E+02	1.37E-04	4.64E-05	0.3391
1.00E-02	1.27E+02	1.69E+00	1.29E+02	1.45E-04	5.10E-05	0.3523
1.25E-02	1.40E+02	1.55E+00	1.42E+02	1.63E-04	6.22E-05	0.3816
1.50E-02	1.52E+02	1.43E+00	1.53E+02	1.80E-04	7.32E-05	0.4068
1.75E-02	1.62E+02	1.34E+00	1.63E+02	1.96E-04	8.40E-05	0.4288
2.00E-02	1.72E+02	1.26E+00	1.73E+02	2.11E-04	9.45E-05	0.4483
2.25E-02	1.80E+02	1.19E+00	1.81E+02	2.25E-04	1.05E-04	0.4657
2.50E-02	1.88E+02	1.12E+00	1.89E+02	2.38E-04	1.15E-04	0.4815
2.75E-02	1.95E+02	1.07E+00	1.96E+02	2.51E-04	1.25E-04	0.4959
3.00E-02	2.02E+02	1.02E+00	2.03E+02	2.64E-04	1.34E-04	0.5092
3.50E-02	2.14E+02	9.39E-01	2.15E+02	2.88E-04	1.53E-04	0.5327
4.00E-02	2.25E+02	8.70E-01	2.26E+02	3.10E-04	1.72E-04	0.5532
4.50E-02	2.34E+02	8.12E-01	2.35E+02	3.32E-04	1.90E-04	0.5712
5.00E-02	2.42E+02	7.63E-01	2.42E+02	3.53E-04	2.07E-04	0.5873
5.50E-02	2.48E+02	7.20E-01	2.49E+02	3.73E-04	2.25E-04	0.6019
6.00E-02	2.54E+02	6.82E-01	2.55E+02	3.93E-04	2.42E-04	0.6151
6.50E-02	2.59E+02	6.48E-01	2.59E+02	4.13E-04	2.59E-04	0.6273
7.00E-02	2.63E+02	6.18E-01	2.63E+02	4.32E-04	2.76E-04	0.6385
7.50E-02	2.66E+02	5.91E-01	2.66E+02	4.51E-04	2.93E-04	0.6489
8.00E-02	2.68E+02	5.67E-01	2.69E+02	4.69E-04	3.09E-04	0.6586
8.50E-02	2.70E+02	5.45E-01	2.71E+02	4.88E-04	3.26E-04	0.6677
9.00E-02	2.71E+02	5.24E-01	2.72E+02	5.06E-04	3.42E-04	0.6762
9.50E-02	2.72E+02	5.06E-01	2.73E+02	5.25E-04	3.59E-04	0.6843
1.00E-01	2.72E+02	4.88E-01	2.73E+02	5.43E-04	3.76E-04	0.6919
1.25E-01	2.69E+02	4.19E-01	2.69E+02	6.35E-04	4.60E-04	0.725
1.50E-01	2.60E+02	3.68E-01	2.60E+02	7.30E-04	5.48E-04	0.7517
1.75E-01	2.48E+02	3.29E-01	2.48E+02	8.28E-04	6.41E-04	0.774
2.00E-01	2.36E+02	2.99E-01	2.36E+02	9.31E-04	7.38E-04	0.7929
2.25E-01	2.24E+02	2.74E-01	2.24E+02	1.04E-03	8.42E-04	0.8093
2.50E-01	2.13E+02	2.53E-01	2.13E+02	1.15E-03	9.50E-04	0.8235
2.75E-01	2.03E+02	2.35E-01	2.03E+02	1.27E-03	1.07E-03	0.8359
3.00E-01	1.94E+02	2.20E-01	1.94E+02	1.40E-03	1.19E-03	0.8468
3.50E-01	1.79E+02	1.96E-01	1.79E+02	1.67E-03	1.44E-03	0.8651
4.00E-01	1.67E+02	1.77E-01	1.67E+02	1.96E-03	1.72E-03	0.8795
4.50E-01	1.57E+02	1.61E-01	1.57E+02	2.27E-03	2.02E-03	0.8911
5.00E-01	1.48E+02	1.48E-01	1.48E+02	2.60E-03	2.34E-03	0.9006
5.50E-01	1.41E+02	1.37E-01	1.41E+02	2.94E-03	2.67E-03	0.9085
6.00E-01	1.35E+02	1.28E-01	1.35E+02	3.30E-03	3.02E-03	0.9151
6.50E-01	1.30E+02	1.20E-01	1.30E+02	3.68E-03	3.39E-03	0.9207
7.00E-01	1.25E+02	1.13E-01	1.25E+02	4.08E-03	3.77E-03	0.9255
7.50E-01	1.20E+02	1.07E-01	1.21E+02	4.48E-03	4.17E-03	0.9297
8.00E-01	1.16E+02	1.02E-01	1.17E+02	4.91E-03	4.58E-03	0.9333
8.50E-01	1.13E+02	9.68E-02	1.13E+02	5.34E-03	5.00E-03	0.9365
9.00E-01	1.09E+02	9.24E-02	1.09E+02	5.79E-03	5.44E-03	0.9393
9.50E-01	1.06E+02	8.85E-02	1.06E+02	6.26E-03	5.89E-03	0.9419
1.00E+00	1.03E+02	8.48E-02	1.03E+02	6.74E-03	6.36E-03	0.9442
1.25E+00	8.98E+01	7.06E-02	8.99E+01	9.35E-03	8.91E-03	0.9528
1.50E+00	8.03E+01	6.07E-02	8.04E+01	1.23E-02	1.18E-02	0.9586
1.75E+00	7.32E+01	5.34E-02	7.32E+01	1.56E-02	1.50E-02	0.9626
2.00E+00	6.75E+01	4.77E-02	6.76E+01	1.91E-02	1.85E-02	0.9656
2.25E+00	6.29E+01	4.32E-02	6.30E+01	2.30E-02	2.22E-02	0.9679
2.50E+00	5.91E+01	3.96E-02	5.91E+01	2.71E-02	2.62E-02	0.9697
2.75E+00	5.58E+01	3.65E-02	5.58E+01	3.14E-02	3.05E-02	0.9712
3.00E+00	5.29E+01	3.39E-02	5.29E+01	3.60E-02	3.50E-02	0.9724
3.50E+00	4.81E+01	2.97E-02	4.81E+01	4.59E-02	4.48E-02	0.9744
4.00E+00	4.42E+01	2.65E-02	4.43E+01	5.68E-02	5.54E-02	0.9759
4.50E+00	4.10E+01	2.40E-02	4.10E+01	6.85E-02	6.70E-02	0.9771
5.00E+00	3.83E+01	2.19E-02	3.83E+01	8.11E-02	7.94E-02	0.978
5.50E+00	3.59E+01	2.01E-02	3.60E+01	9.46E-02	9.26E-02	0.9788
6.00E+00	3.39E+01	1.87E-02	3.40E+01	1.09E-01	1.07E-01	0.9795
6.50E+00	3.22E+01	1.74E-02	3.22E+01	1.24E-01	1.22E-01	0.9801
7.00E+00	3.06E+01	1.63E-02	3.06E+01	1.40E-01	1.37E-01	0.9806
7.50E+00	2.92E+01	1.54E-02	2.92E+01	1.57E-01	1.54E-01	0.9811
8.00E+00	2.79E+01	1.45E-02	2.79E+01	1.74E-01	1.71E-01	0.9815
8.50E+00	2.68E+01	1.38E-02	2.68E+01	1.93E-01	1.89E-01	0.9818
9.00E+00	2.57E+01	1.31E-02	2.57E+01	2.12E-01	2.08E-01	0.9821
9.50E+00	2.48E+01	1.25E-02	2.48E+01	2.31E-01	2.27E-01	0.9824
1.00E+01	2.39E+01	1.20E-02	2.39E+01	2.52E-01	2.48E-01	0.9827
1.25E+01	2.04E+01	9.83E-03	2.04E+01	3.66E-01	3.60E-01	0.9838
1.50E+01	1.79E+01	8.36E-03	1.79E+01	4.97E-01	4.89E-01	0.9846
1.75E+01	1.60E+01	7.30E-03	1.60E+01	6.45E-01	6.35E-01	0.9852
2.00E+01	1.45E+01	6.48E-03	1.45E+01	8.09E-01	7.97E-01	0.9857
2.50E+01	1.23E+01	5.31E-03	1.23E+01	1.18E+00	1.17E+00	0.9864
2.75E+01	1.15E+01	4.87E-03	1.15E+01	1.40E+00	1.38E+00	0.9867
3.00E+01	1.08E+01	4.51E-03	1.08E+01	1.62E+00	1.60E+00	0.9869
3.50E+01	9.58E+00	3.92E-03	9.59E+00	2.11E+00	2.09E+00	0.9873
4.00E+01	8.67E+00	3.48E-03	8.68E+00	2.66E+00	2.63E+00	0.9877
4.50E+01	7.95E+00	3.13E-03	7.95E+00	3.27E+00	3.23E+00	0.988
5.00E+01	7.35E+00	2.84E-03	7.35E+00	3.92E+00	3.87E+00	0.9882
5.50E+01	6.85E+00	2.61E-03	6.85E+00	4.63E+00	4.57E+00	0.9884
6.00E+01	6.42E+00	2.41E-03	6.42E+00	5.38E+00	5.32E+00	0.9886
6.50E+01	6.05E+00	2.24E-03	6.06E+00	6.18E+00	6.11E+00	0.9888
7.00E+01	5.73E+00	2.09E-03	5.74E+00	7.03E+00	6.95E+00	0.9889
7.50E+01	5.45E+00	1.96E-03	5.46E+00	7.93E+00	7.84E+00	0.9891
8.00E+01	5.20E+00	1.85E-03	5.21E+00	8.86E+00	8.77E+00	0.9892
8.50E+01	4.98E+00	1.75E-03	4.98E+00	9.85E+00	9.74E+00	0.9893
9.00E+01	4.78E+00	1.66E-03	4.78E+00	1.09E+01	1.08E+01	0.9894
9.50E+01	4.60E+00	1.58E-03	4.60E+00	1.19E+01	1.18E+01	0.9895
1.00E+02	4.44E+00	1.51E-03	4.44E+00	1.30E+01	1.29E+01	0.9896
1.25E+02	3.80E+00	1.23E-03	3.80E+00	1.92E+01	1.90E+01	0.99
1.50E+02	3.36E+00	1.04E-03	3.36E+00	2.62E+01	2.59E+01	0.9904
1.75E+02	3.04E+00	8.99E-04	3.04E+00	3.40E+01	3.37E+01	0.9907
2.00E+02	2.80E+00	7.94E-04	2.80E+00	4.26E+01	4.22E+01	0.9909
2.25E+02	2.61E+00	7.12E-04	2.61E+00	5.18E+01	5.14E+01	0.9911
2.50E+02	2.45E+00	6.45E-04	2.45E+00	6.17E+01	6.12E+01	0.9913
2.75E+02	2.32E+00	5.90E-04	2.32E+00	7.22E+01	7.16E+01	0.9915
3.00E+02	2.22E+00	5.44E-04	2.22E+00	8.32E+01	8.25E+01	0.9917
3.50E+02	2.05E+00	4.71E-04	2.05E+00	1.07E+02	1.06E+02	0.992
4.00E+02	1.92E+00	4.16E-04	1.92E+00	1.32E+02	1.31E+02	0.9922
4.50E+02	1.82E+00	3.72E-04	1.82E+00	1.59E+02	1.58E+02	0.9925
5.00E+02	1.75E+00	3.37E-04	1.75E+00	1.87E+02	1.85E+02	0.9927
5.50E+02	1.68E+00	3.08E-04	1.68E+00	2.16E+02	2.14E+02	0.9929
6.00E+02	1.63E+00	2.84E-04	1.63E+00	2.46E+02	2.44E+02	0.9931
6.50E+02	1.59E+00	2.64E-04	1.59E+00	2.77E+02	2.75E+02	0.9932
7.00E+02	1.55E+00	2.46E-04	1.55E+00	3.09E+02	3.07E+02	0.9934
7.50E+02	1.52E+00	2.31E-04	1.52E+00	3.42E+02	3.39E+02	0.9935
8.00E+02	1.50E+00	2.17E-04	1.50E+00	3.75E+02	3.72E+02	0.9937
8.50E+02	1.47E+00	2.05E-04	1.48E+00	4.08E+02	4.06E+02	0.9938
9.00E+02	1.46E+00	1.94E-04	1.46E+00	4.42E+02	4.40E+02	0.9939
9.50E+02	1.44E+00	1.85E-04	1.44E+00	4.77E+02	4.74E+02	0.9941
1.00E+03	1.42E+00	1.76E-04	1.42E+00	5.12E+02	5.09E+02	0.9942
1.50E+03	1.35E+00	1.20E-04	1.35E+00	8.75E+02	8.71E+02	0.995
2.00E+03	1.33E+00	9.19E-05	1.33E+00	1.25E+03	1.24E+03	0.9956
2.50E+03	1.33E+00	7.46E-05	1.33E+00	1.63E+03	1.62E+03	0.9961
3.00E+03	1.34E+00	6.29E-05	1.34E+00	2.00E+03	1.99E+03	0.9964
4.00E+03	1.36E+00	4.81E-05	1.36E+00	2.74E+03	2.73E+03	0.9969
5.00E+03	1.39E+00	3.91E-05	1.39E+00	3.47E+03	3.46E+03	0.9972
6.00E+03	1.41E+00	3.30E-05	1.41E+00	4.19E+03	4.18E+03	0.9975
7.00E+03	1.43E+00	2.85E-05	1.43E+00	4.89E+03	4.88E+03	0.9977
8.00E+03	1.45E+00	2.52E-05	1.45E+00	5.58E+03	5.57E+03	0.9979
9.00E+03	1.47E+00	2.26E-05	1.47E+00	6.27E+03	6.25E+03	0.998
1.00E+04	1.49E+00	2.05E-05	1.49E+00	6.94E+03	6.93E+03	0.9982