1.00E-03	6.09E+01	6.20E+00	6.71E+01	2.42E-05	4.70E-06	0.1942
1.50E-03	7.46E+01	5.82E+00	8.04E+01	3.09E-05	6.91E-06	0.2232
2.00E-03	8.61E+01	5.48E+00	9.16E+01	3.68E-05	9.11E-06	0.2478
2.50E-03	9.63E+01	5.17E+00	1.01E+02	4.19E-05	1.13E-05	0.2691
3.00E-03	1.05E+02	4.90E+00	1.10E+02	4.67E-05	1.34E-05	0.288
4.00E-03	1.22E+02	4.46E+00	1.26E+02	5.51E-05	1.77E-05	0.3206
5.00E-03	1.36E+02	4.10E+00	1.40E+02	6.26E-05	2.18E-05	0.3481
6.00E-03	1.49E+02	3.80E+00	1.53E+02	6.94E-05	2.58E-05	0.3719
7.00E-03	1.61E+02	3.55E+00	1.65E+02	7.57E-05	2.98E-05	0.3927
8.00E-03	1.72E+02	3.34E+00	1.76E+02	8.16E-05	3.36E-05	0.4113
9.00E-03	1.83E+02	3.16E+00	1.86E+02	8.72E-05	3.73E-05	0.4281
1.00E-02	1.93E+02	3.00E+00	1.96E+02	9.24E-05	4.10E-05	0.4433
1.25E-02	2.12E+02	2.67E+00	2.15E+02	1.05E-04	4.98E-05	0.4762
1.50E-02	2.30E+02	2.42E+00	2.32E+02	1.16E-04	5.83E-05	0.5037
1.75E-02	2.45E+02	2.21E+00	2.47E+02	1.26E-04	6.65E-05	0.5271
2.00E-02	2.59E+02	2.05E+00	2.61E+02	1.36E-04	7.45E-05	0.5474
2.25E-02	2.72E+02	1.91E+00	2.74E+02	1.45E-04	8.22E-05	0.5653
2.50E-02	2.84E+02	1.79E+00	2.85E+02	1.54E-04	8.97E-05	0.5812
2.75E-02	2.94E+02	1.68E+00	2.96E+02	1.63E-04	9.70E-05	0.5956
3.00E-02	3.04E+02	1.59E+00	3.06E+02	1.71E-04	1.04E-04	0.6085
3.50E-02	3.22E+02	1.44E+00	3.23E+02	1.87E-04	1.18E-04	0.6313
4.00E-02	3.37E+02	1.32E+00	3.38E+02	2.02E-04	1.32E-04	0.6506
4.50E-02	3.49E+02	1.22E+00	3.50E+02	2.17E-04	1.45E-04	0.6675
5.00E-02	3.60E+02	1.13E+00	3.61E+02	2.31E-04	1.58E-04	0.6823
5.50E-02	3.69E+02	1.06E+00	3.70E+02	2.45E-04	1.70E-04	0.6955
6.00E-02	3.76E+02	9.95E-01	3.77E+02	2.58E-04	1.82E-04	0.7074
6.50E-02	3.82E+02	9.40E-01	3.83E+02	2.71E-04	1.95E-04	0.7182
7.00E-02	3.87E+02	8.91E-01	3.88E+02	2.84E-04	2.07E-04	0.7281
7.50E-02	3.90E+02	8.47E-01	3.91E+02	2.97E-04	2.19E-04	0.7373
8.00E-02	3.93E+02	8.08E-01	3.94E+02	3.10E-04	2.31E-04	0.7457
8.50E-02	3.94E+02	7.73E-01	3.95E+02	3.22E-04	2.43E-04	0.7536
9.00E-02	3.95E+02	7.41E-01	3.96E+02	3.35E-04	2.55E-04	0.7609
9.50E-02	3.95E+02	7.12E-01	3.96E+02	3.48E-04	2.67E-04	0.7678
1.00E-01	3.95E+02	6.85E-01	3.96E+02	3.60E-04	2.79E-04	0.7743
1.25E-01	3.85E+02	5.79E-01	3.86E+02	4.24E-04	3.40E-04	0.8021
1.50E-01	3.69E+02	5.04E-01	3.70E+02	4.90E-04	4.04E-04	0.8241
1.75E-01	3.51E+02	4.47E-01	3.51E+02	5.60E-04	4.71E-04	0.8421
2.00E-01	3.33E+02	4.03E-01	3.33E+02	6.33E-04	5.42E-04	0.8572
2.25E-01	3.15E+02	3.67E-01	3.16E+02	7.10E-04	6.17E-04	0.87
2.50E-01	3.00E+02	3.37E-01	3.00E+02	7.91E-04	6.97E-04	0.881
2.75E-01	2.86E+02	3.13E-01	2.86E+02	8.76E-04	7.80E-04	0.8905
3.00E-01	2.73E+02	2.92E-01	2.73E+02	9.66E-04	8.68E-04	0.8987
3.50E-01	2.51E+02	2.57E-01	2.52E+02	1.16E-03	1.06E-03	0.9122
4.00E-01	2.34E+02	2.31E-01	2.34E+02	1.36E-03	1.26E-03	0.9228
4.50E-01	2.20E+02	2.10E-01	2.20E+02	1.58E-03	1.48E-03	0.9312
5.00E-01	2.08E+02	1.92E-01	2.08E+02	1.82E-03	1.71E-03	0.938
5.50E-01	1.97E+02	1.78E-01	1.98E+02	2.07E-03	1.95E-03	0.9436
6.00E-01	1.89E+02	1.65E-01	1.89E+02	2.32E-03	2.20E-03	0.9482
6.50E-01	1.81E+02	1.55E-01	1.81E+02	2.59E-03	2.47E-03	0.9522
7.00E-01	1.74E+02	1.46E-01	1.74E+02	2.88E-03	2.75E-03	0.9555
7.50E-01	1.68E+02	1.37E-01	1.68E+02	3.17E-03	3.04E-03	0.9584
8.00E-01	1.62E+02	1.30E-01	1.62E+02	3.47E-03	3.34E-03	0.9608
8.50E-01	1.57E+02	1.24E-01	1.57E+02	3.78E-03	3.64E-03	0.963
9.00E-01	1.52E+02	1.18E-01	1.52E+02	4.11E-03	3.96E-03	0.965
9.50E-01	1.48E+02	1.13E-01	1.48E+02	4.44E-03	4.29E-03	0.9667
1.00E+00	1.44E+02	1.08E-01	1.44E+02	4.78E-03	4.63E-03	0.9682
1.25E+00	1.26E+02	8.93E-02	1.26E+02	6.65E-03	6.47E-03	0.9739
1.50E+00	1.13E+02	7.64E-02	1.13E+02	8.75E-03	8.55E-03	0.9776
1.75E+00	1.02E+02	6.70E-02	1.02E+02	1.11E-02	1.09E-02	0.9802
2.00E+00	9.31E+01	5.97E-02	9.31E+01	1.37E-02	1.34E-02	0.9821
2.25E+00	8.60E+01	5.40E-02	8.61E+01	1.65E-02	1.62E-02	0.9835
2.50E+00	8.01E+01	4.92E-02	8.02E+01	1.95E-02	1.92E-02	0.9847
2.75E+00	7.51E+01	4.53E-02	7.52E+01	2.27E-02	2.24E-02	0.9856
3.00E+00	7.08E+01	4.20E-02	7.08E+01	2.61E-02	2.58E-02	0.9863
3.50E+00	6.36E+01	3.67E-02	6.36E+01	3.36E-02	3.32E-02	0.9875
4.00E+00	5.79E+01	3.27E-02	5.79E+01	4.18E-02	4.13E-02	0.9884
4.50E+00	5.33E+01	2.95E-02	5.33E+01	5.08E-02	5.03E-02	0.989
5.00E+00	4.94E+01	2.68E-02	4.94E+01	6.06E-02	5.99E-02	0.9895
5.50E+00	4.61E+01	2.47E-02	4.62E+01	7.11E-02	7.03E-02	0.99
6.00E+00	4.33E+01	2.28E-02	4.33E+01	8.22E-02	8.14E-02	0.9903
6.50E+00	4.09E+01	2.13E-02	4.09E+01	9.41E-02	9.33E-02	0.9906
7.00E+00	3.87E+01	1.99E-02	3.87E+01	1.07E-01	1.06E-01	0.9909
7.50E+00	3.68E+01	1.87E-02	3.68E+01	1.20E-01	1.19E-01	0.9911
8.00E+00	3.51E+01	1.77E-02	3.51E+01	1.34E-01	1.33E-01	0.9913
8.50E+00	3.35E+01	1.68E-02	3.35E+01	1.49E-01	1.47E-01	0.9915
9.00E+00	3.21E+01	1.59E-02	3.21E+01	1.64E-01	1.62E-01	0.9916
9.50E+00	3.08E+01	1.52E-02	3.09E+01	1.80E-01	1.78E-01	0.9918
1.00E+01	2.97E+01	1.45E-02	2.97E+01	1.96E-01	1.95E-01	0.9919
1.25E+01	2.51E+01	1.19E-02	2.51E+01	2.88E-01	2.86E-01	0.9924
1.50E+01	2.18E+01	1.01E-02	2.18E+01	3.95E-01	3.92E-01	0.9927
1.75E+01	1.94E+01	8.74E-03	1.94E+01	5.17E-01	5.13E-01	0.993
2.00E+01	1.75E+01	7.74E-03	1.75E+01	6.53E-01	6.49E-01	0.9932
2.50E+01	1.47E+01	6.32E-03	1.47E+01	9.66E-01	9.59E-01	0.9935
2.75E+01	1.37E+01	5.79E-03	1.37E+01	1.14E+00	1.14E+00	0.9936
3.00E+01	1.28E+01	5.35E-03	1.28E+01	1.33E+00	1.32E+00	0.9937
3.50E+01	1.14E+01	4.64E-03	1.14E+01	1.75E+00	1.74E+00	0.9939
4.00E+01	1.02E+01	4.10E-03	1.03E+01	2.21E+00	2.20E+00	0.994
4.50E+01	9.36E+00	3.68E-03	9.36E+00	2.72E+00	2.71E+00	0.9942
5.00E+01	8.63E+00	3.34E-03	8.63E+00	3.28E+00	3.26E+00	0.9943
5.50E+01	8.02E+00	3.05E-03	8.03E+00	3.88E+00	3.86E+00	0.9944
6.00E+01	7.51E+00	2.82E-03	7.51E+00	4.52E+00	4.50E+00	0.9944
6.50E+01	7.07E+00	2.61E-03	7.07E+00	5.21E+00	5.18E+00	0.9945
7.00E+01	6.69E+00	2.44E-03	6.69E+00	5.94E+00	5.91E+00	0.9946
7.50E+01	6.35E+00	2.29E-03	6.35E+00	6.71E+00	6.67E+00	0.9946
8.00E+01	6.05E+00	2.15E-03	6.05E+00	7.51E+00	7.47E+00	0.9947
8.50E+01	5.79E+00	2.04E-03	5.79E+00	8.36E+00	8.31E+00	0.9948
9.00E+01	5.55E+00	1.93E-03	5.55E+00	9.24E+00	9.19E+00	0.9948
9.50E+01	5.33E+00	1.83E-03	5.34E+00	1.02E+01	1.01E+01	0.9949
1.00E+02	5.14E+00	1.75E-03	5.14E+00	1.11E+01	1.11E+01	0.9949
1.25E+02	4.39E+00	1.42E-03	4.39E+00	1.64E+01	1.63E+01	0.9951
1.50E+02	3.87E+00	1.20E-03	3.87E+00	2.25E+01	2.24E+01	0.9953
1.75E+02	3.49E+00	1.03E-03	3.49E+00	2.93E+01	2.92E+01	0.9954
2.00E+02	3.21E+00	9.11E-04	3.21E+00	3.68E+01	3.66E+01	0.9955
2.25E+02	2.98E+00	8.15E-04	2.98E+00	4.49E+01	4.47E+01	0.9956
2.50E+02	2.80E+00	7.38E-04	2.80E+00	5.35E+01	5.33E+01	0.9957
2.75E+02	2.65E+00	6.75E-04	2.65E+00	6.27E+01	6.25E+01	0.9958
3.00E+02	2.53E+00	6.22E-04	2.53E+00	7.24E+01	7.21E+01	0.9959
3.50E+02	2.33E+00	5.37E-04	2.33E+00	9.30E+01	9.27E+01	0.996
4.00E+02	2.18E+00	4.74E-04	2.18E+00	1.15E+02	1.15E+02	0.9961
4.50E+02	2.07E+00	4.24E-04	2.07E+00	1.39E+02	1.38E+02	0.9963
5.00E+02	1.98E+00	3.84E-04	1.98E+00	1.64E+02	1.63E+02	0.9964
5.50E+02	1.91E+00	3.51E-04	1.91E+00	1.89E+02	1.89E+02	0.9965
6.00E+02	1.85E+00	3.23E-04	1.85E+00	2.16E+02	2.15E+02	0.9966
6.50E+02	1.80E+00	2.99E-04	1.80E+00	2.44E+02	2.43E+02	0.9966
7.00E+02	1.75E+00	2.79E-04	1.75E+00	2.72E+02	2.71E+02	0.9967
7.50E+02	1.72E+00	2.62E-04	1.72E+00	3.01E+02	3.00E+02	0.9968
8.00E+02	1.69E+00	2.46E-04	1.69E+00	3.30E+02	3.29E+02	0.9969
8.50E+02	1.66E+00	2.33E-04	1.66E+00	3.60E+02	3.59E+02	0.9969
9.00E+02	1.64E+00	2.20E-04	1.64E+00	3.90E+02	3.89E+02	0.997
9.50E+02	1.62E+00	2.09E-04	1.62E+00	4.21E+02	4.20E+02	0.997
1.00E+03	1.60E+00	2.00E-04	1.60E+00	4.52E+02	4.51E+02	0.9971
1.50E+03	1.51E+00	1.36E-04	1.51E+00	7.76E+02	7.74E+02	0.9975
2.00E+03	1.48E+00	1.04E-04	1.48E+00	1.11E+03	1.11E+03	0.9978
2.50E+03	1.48E+00	8.43E-05	1.48E+00	1.45E+03	1.45E+03	0.998
3.00E+03	1.48E+00	7.11E-05	1.48E+00	1.79E+03	1.78E+03	0.9982
4.00E+03	1.50E+00	5.43E-05	1.50E+00	2.46E+03	2.45E+03	0.9984
5.00E+03	1.53E+00	4.41E-05	1.53E+00	3.12E+03	3.11E+03	0.9986
6.00E+03	1.55E+00	3.72E-05	1.55E+00	3.77E+03	3.77E+03	0.9988
7.00E+03	1.57E+00	3.22E-05	1.57E+00	4.41E+03	4.41E+03	0.9989
8.00E+03	1.59E+00	2.84E-05	1.59E+00	5.04E+03	5.04E+03	0.9989
9.00E+03	1.61E+00	2.55E-05	1.61E+00	5.67E+03	5.66E+03	0.999
1.00E+04	1.63E+00	2.31E-05	1.63E+00	6.29E+03	6.28E+03	0.9991