1.000E-03	1.959E+02	4.795E+01	2.438E+02	4.827E-06	2.482E-06	0.5142	
1.500E-03	2.399E+02	3.822E+01	2.781E+02	6.732E-06	3.726E-06	0.5534	
2.000E-03	2.770E+02	3.219E+01	3.092E+02	8.436E-06	4.929E-06	0.5842	
2.500E-03	3.097E+02	2.802E+01	3.377E+02	9.982E-06	6.080E-06	0.6091	
3.000E-03	3.393E+02	2.493E+01	3.642E+02	1.141E-05	7.184E-06	0.6298	
4.000E-03	3.875E+02	2.060E+01	4.081E+02	1.400E-05	9.277E-06	0.6628	
5.000E-03	4.306E+02	1.768E+01	4.482E+02	1.633E-05	1.124E-05	0.6883	
6.000E-03	4.694E+02	1.556E+01	4.850E+02	1.847E-05	1.309E-05	0.7087	
7.000E-03	5.050E+02	1.393E+01	5.190E+02	2.047E-05	1.485E-05	0.7255	
8.000E-03	5.372E+02	1.265E+01	5.499E+02	2.234E-05	1.652E-05	0.7397	
9.000E-03	5.669E+02	1.160E+01	5.785E+02	2.411E-05	1.813E-05	0.7520	
1.000E-02	5.946E+02	1.073E+01	6.053E+02	2.580E-05	1.968E-05	0.7627	
1.250E-02	6.499E+02	9.077E+00	6.590E+02	2.975E-05	2.334E-05	0.7846	
1.500E-02	6.967E+02	7.898E+00	7.046E+02	3.341E-05	2.679E-05	0.8017	
1.750E-02	7.374E+02	7.012E+00	7.444E+02	3.686E-05	3.006E-05	0.8155	
2.000E-02	7.733E+02	6.319E+00	7.797E+02	4.014E-05	3.320E-05	0.8270	
2.250E-02	8.052E+02	5.760E+00	8.110E+02	4.329E-05	3.622E-05	0.8367	
2.500E-02	8.334E+02	5.300E+00	8.387E+02	4.632E-05	3.914E-05	0.8452	
2.750E-02	8.583E+02	4.913E+00	8.632E+02	4.925E-05	4.199E-05	0.8525	
3.000E-02	8.805E+02	4.583E+00	8.851E+02	5.211E-05	4.477E-05	0.8591	
3.500E-02	9.189E+02	4.049E+00	9.230E+02	5.764E-05	5.016E-05	0.8702	
4.000E-02	9.510E+02	3.633E+00	9.547E+02	6.296E-05	5.537E-05	0.8794	
4.500E-02	9.772E+02	3.301E+00	9.805E+02	6.813E-05	6.044E-05	0.8871	
5.000E-02	9.976E+02	3.028E+00	1.001E+03	7.318E-05	6.540E-05	0.8937	
5.500E-02	1.013E+03	2.800E+00	1.016E+03	7.813E-05	7.028E-05	0.8995	
6.000E-02	1.023E+03	2.606E+00	1.026E+03	8.303E-05	7.511E-05	0.9046	
6.500E-02	1.030E+03	2.439E+00	1.032E+03	8.789E-05	7.991E-05	0.9092	
7.000E-02	1.034E+03	2.293E+00	1.036E+03	9.272E-05	8.468E-05	0.9133	
7.500E-02	1.034E+03	2.165E+00	1.036E+03	9.755E-05	8.946E-05	0.9171	
8.000E-02	1.033E+03	2.052E+00	1.035E+03	1.024E-04	9.423E-05	0.9205	
8.500E-02	1.029E+03	1.950E+00	1.031E+03	1.072E-04	9.903E-05	0.9237	
9.000E-02	1.023E+03	1.859E+00	1.025E+03	1.121E-04	1.039E-04	0.9266	
9.500E-02	1.016E+03	1.777E+00	1.018E+03	1.170E-04	1.087E-04	0.9293	
1.000E-01	1.008E+03	1.702E+00	1.010E+03	1.219E-04	1.136E-04	0.9318	
1.250E-01	9.556E+02	1.409E+00	9.571E+02	1.473E-04	1.388E-04	0.9424	
1.500E-01	8.950E+02	1.207E+00	8.962E+02	1.743E-04	1.656E-04	0.9504	
1.750E-01	8.351E+02	1.058E+00	8.362E+02	2.032E-04	1.944E-04	0.9567	
2.000E-01	7.796E+02	9.436E-01	7.805E+02	2.341E-04	2.252E-04	0.9618	
2.250E-01	7.297E+02	8.527E-01	7.306E+02	2.672E-04	2.582E-04	0.9661	
2.500E-01	6.856E+02	7.786E-01	6.863E+02	3.026E-04	2.934E-04	0.9696	
2.750E-01	6.466E+02	7.165E-01	6.473E+02	3.401E-04	3.307E-04	0.9725	
3.000E-01	6.123E+02	6.635E-01	6.129E+02	3.798E-04	3.703E-04	0.9750	
3.500E-01	5.550E+02	5.788E-01	5.555E+02	4.656E-04	4.558E-04	0.9790	
4.000E-01	5.091E+02	5.141E-01	5.096E+02	5.597E-04	5.496E-04	0.9821	
4.500E-01	4.716E+02	4.630E-01	4.721E+02	6.617E-04	6.514E-04	0.9844	
5.000E-01	4.403E+02	4.215E-01	4.408E+02	7.714E-04	7.608E-04	0.9862	
5.500E-01	4.137E+02	3.871E-01	4.141E+02	8.885E-04	8.776E-04	0.9877	
6.000E-01	3.904E+02	3.580E-01	3.908E+02	1.013E-03	1.002E-03	0.9889	
6.500E-01	3.701E+02	3.331E-01	3.705E+02	1.144E-03	1.133E-03	0.9899	
7.000E-01	3.521E+02	3.115E-01	3.524E+02	1.283E-03	1.271E-03	0.9907	
7.500E-01	3.360E+02	2.927E-01	3.363E+02	1.428E-03	1.416E-03	0.9914	
8.000E-01	3.214E+02	2.761E-01	3.217E+02	1.580E-03	1.568E-03	0.9920	
8.500E-01	3.083E+02	2.614E-01	3.086E+02	1.739E-03	1.726E-03	0.9925	
9.000E-01	2.963E+02	2.482E-01	2.966E+02	1.904E-03	1.891E-03	0.9930	
9.500E-01	2.853E+02	2.363E-01	2.856E+02	2.076E-03	2.062E-03	0.9934	
1.000E+00	2.752E+02	2.255E-01	2.755E+02	2.254E-03	2.240E-03	0.9937	
1.250E+00	2.349E+02	1.840E-01	2.351E+02	3.240E-03	3.224E-03	0.9950	
1.500E+00	2.060E+02	1.557E-01	2.061E+02	4.379E-03	4.360E-03	0.9958	
1.750E+00	1.840E+02	1.352E-01	1.841E+02	5.664E-03	5.644E-03	0.9963	
2.000E+00	1.667E+02	1.196E-01	1.668E+02	7.093E-03	7.069E-03	0.9967	
2.250E+00	1.526E+02	1.073E-01	1.527E+02	8.661E-03	8.635E-03	0.9970	
2.500E+00	1.410E+02	9.735E-02	1.411E+02	1.037E-02	1.034E-02	0.9972	
2.750E+00	1.312E+02	8.914E-02	1.313E+02	1.220E-02	1.217E-02	0.9973	
3.000E+00	1.228E+02	8.224E-02	1.228E+02	1.417E-02	1.414E-02	0.9975	
3.500E+00	1.090E+02	7.128E-02	1.091E+02	1.850E-02	1.846E-02	0.9977	
4.000E+00	9.829E+01	6.296E-02	9.835E+01	2.334E-02	2.329E-02	0.9978	
4.500E+00	8.964E+01	5.642E-02	8.970E+01	2.867E-02	2.861E-02	0.9979	
5.000E+00	8.251E+01	5.114E-02	8.257E+01	3.448E-02	3.441E-02	0.9980	
5.500E+00	7.653E+01	4.678E-02	7.657E+01	4.078E-02	4.070E-02	0.9981	
6.000E+00	7.142E+01	4.313E-02	7.146E+01	4.754E-02	4.745E-02	0.9982	
6.500E+00	6.701E+01	4.001E-02	6.705E+01	5.477E-02	5.467E-02	0.9982	
7.000E+00	6.315E+01	3.733E-02	6.319E+01	6.245E-02	6.234E-02	0.9983	
7.500E+00	5.975E+01	3.499E-02	5.979E+01	7.059E-02	7.047E-02	0.9983	
8.000E+00	5.673E+01	3.293E-02	5.677E+01	7.918E-02	7.904E-02	0.9983	
8.500E+00	5.404E+01	3.111E-02	5.407E+01	8.820E-02	8.806E-02	0.9983	
9.000E+00	5.160E+01	2.948E-02	5.163E+01	9.767E-02	9.751E-02	0.9984	
9.500E+00	4.940E+01	2.802E-02	4.942E+01	1.076E-01	1.074E-01	0.9984	
1.000E+01	4.739E+01	2.670E-02	4.741E+01	1.179E-01	1.177E-01	0.9984	
1.250E+01	3.954E+01	2.164E-02	3.956E+01	1.759E-01	1.756E-01	0.9985	
1.500E+01	3.408E+01	1.822E-02	3.409E+01	2.442E-01	2.438E-01	0.9986	
1.750E+01	3.005E+01	1.575E-02	3.006E+01	3.224E-01	3.220E-01	0.9986	
2.000E+01	2.694E+01	1.388E-02	2.696E+01	4.104E-01	4.099E-01	0.9986	
2.500E+01	2.245E+01	1.123E-02	2.247E+01	6.146E-01	6.138E-01	0.9987	
2.750E+01	2.078E+01	1.026E-02	2.079E+01	7.304E-01	7.294E-01	0.9987	
3.000E+01	1.935E+01	9.451E-03	1.936E+01	8.551E-01	8.540E-01	0.9987	
3.500E+01	1.708E+01	8.164E-03	1.709E+01	1.131E+00	1.129E+00	0.9987	
4.000E+01	1.533E+01	7.192E-03	1.534E+01	1.440E+00	1.438E+00	0.9988	
4.500E+01	1.395E+01	6.430E-03	1.395E+01	1.782E+00	1.780E+00	0.9988	
5.000E+01	1.282E+01	5.817E-03	1.283E+01	2.156E+00	2.154E+00	0.9988	
5.500E+01	1.188E+01	5.313E-03	1.189E+01	2.562E+00	2.559E+00	0.9988	
6.000E+01	1.109E+01	4.891E-03	1.110E+01	2.997E+00	2.994E+00	0.9988	
6.500E+01	1.042E+01	4.532E-03	1.042E+01	3.462E+00	3.458E+00	0.9989	
7.000E+01	9.834E+00	4.224E-03	9.838E+00	3.956E+00	3.952E+00	0.9989	
7.500E+01	9.322E+00	3.955E-03	9.326E+00	4.479E+00	4.474E+00	0.9989	
8.000E+01	8.870E+00	3.719E-03	8.874E+00	5.028E+00	5.023E+00	0.9989	
8.500E+01	8.468E+00	3.511E-03	8.472E+00	5.605E+00	5.599E+00	0.9989	
9.000E+01	8.109E+00	3.325E-03	8.112E+00	6.209E+00	6.202E+00	0.9989	
9.500E+01	7.785E+00	3.158E-03	7.788E+00	6.838E+00	6.830E+00	0.9989	
1.000E+02	7.492E+00	3.007E-03	7.495E+00	7.492E+00	7.484E+00	0.9989	
1.250E+02	6.361E+00	2.432E-03	6.363E+00	1.113E+01	1.112E+01	0.9990	
1.500E+02	5.591E+00	2.044E-03	5.593E+00	1.533E+01	1.532E+01	0.9990	
1.750E+02	5.033E+00	1.765E-03	5.035E+00	2.005E+01	2.003E+01	0.9990	
2.000E+02	4.610E+00	1.554E-03	4.611E+00	2.525E+01	2.523E+01	0.9990	
2.250E+02	4.278E+00	1.389E-03	4.280E+00	3.089E+01	3.086E+01	0.9991	
2.500E+02	4.012E+00	1.256E-03	4.013E+00	3.692E+01	3.689E+01	0.9991	
2.750E+02	3.793E+00	1.147E-03	3.794E+00	4.334E+01	4.330E+01	0.9991	
3.000E+02	3.610E+00	1.056E-03	3.611E+00	5.009E+01	5.005E+01	0.9991	
3.500E+02	3.323E+00	9.121E-04	3.323E+00	6.455E+01	6.450E+01	0.9991	
4.000E+02	3.108E+00	8.033E-04	3.109E+00	8.013E+01	8.006E+01	0.9992	
4.500E+02	2.942E+00	7.182E-04	2.943E+00	9.668E+01	9.660E+01	0.9992	
5.000E+02	2.811E+00	6.498E-04	2.811E+00	1.141E+02	1.140E+02	0.9992	
5.500E+02	2.705E+00	5.936E-04	2.705E+00	1.322E+02	1.321E+02	0.9992	
6.000E+02	2.617E+00	5.465E-04	2.618E+00	1.510E+02	1.509E+02	0.9993	
6.500E+02	2.545E+00	5.065E-04	2.546E+00	1.704E+02	1.703E+02	0.9993	
7.000E+02	2.484E+00	4.721E-04	2.485E+00	1.903E+02	1.901E+02	0.9993	
7.500E+02	2.432E+00	4.422E-04	2.433E+00	2.106E+02	2.105E+02	0.9993	
8.000E+02	2.387E+00	4.160E-04	2.388E+00	2.314E+02	2.312E+02	0.9993	
8.500E+02	2.348E+00	3.927E-04	2.348E+00	2.525E+02	2.523E+02	0.9993	
9.000E+02	2.313E+00	3.720E-04	2.314E+00	2.739E+02	2.738E+02	0.9993	
9.500E+02	2.283E+00	3.535E-04	2.283E+00	2.957E+02	2.955E+02	0.9994	
1.000E+03	2.256E+00	3.367E-04	2.256E+00	3.177E+02	3.175E+02	0.9994	
1.500E+03	2.106E+00	2.295E-04	2.106E+00	5.485E+02	5.482E+02	0.9995	
2.000E+03	2.052E+00	1.750E-04	2.052E+00	7.895E+02	7.891E+02	0.9995	
2.500E+03	2.033E+00	1.418E-04	2.033E+00	1.034E+03	1.034E+03	0.9996	
3.000E+03	2.029E+00	1.195E-04	2.029E+00	1.281E+03	1.280E+03	0.9996	
4.000E+03	2.040E+00	9.119E-05	2.040E+00	1.772E+03	1.772E+03	0.9997	
5.000E+03	2.059E+00	7.396E-05	2.059E+00	2.261E+03	2.260E+03	0.9997	
6.000E+03	2.080E+00	6.234E-05	2.080E+00	2.744E+03	2.743E+03	0.9997	
7.000E+03	2.100E+00	5.396E-05	2.100E+00	3.222E+03	3.221E+03	0.9998	
8.000E+03	2.120E+00	4.761E-05	2.120E+00	3.696E+03	3.695E+03	0.9998	
9.000E+03	2.138E+00	4.264E-05	2.138E+00	4.166E+03	4.165E+03	0.9998	
1.000E+04	2.155E+00	3.863E-05	2.155E+00	4.632E+03	4.631E+03	0.9998	