1.00E-02	1.86E+01	1.82E-03	1.86E+01	3.03E-04	5.44E-05	5.10E-04
1.25E-02	1.56E+01	1.82E-03	1.56E+01	4.50E-04	6.49E-05	7.49E-04
1.50E-02	1.36E+01	1.82E-03	1.36E+01	6.23E-04	7.50E-05	1.03E-03
1.75E-02	1.20E+01	1.83E-03	1.20E+01	8.19E-04	8.47E-05	1.35E-03
2.00E-02	1.08E+01	1.83E-03	1.08E+01	1.04E-03	9.42E-05	1.72E-03
2.50E-02	9.11E+00	1.84E-03	9.12E+00	1.54E-03	1.13E-04	2.56E-03
3.00E-02	7.92E+00	1.85E-03	7.93E+00	2.13E-03	1.30E-04	3.56E-03
3.50E-02	7.05E+00	1.86E-03	7.05E+00	2.80E-03	1.47E-04	4.70E-03
4.00E-02	6.38E+00	1.87E-03	6.38E+00	3.55E-03	1.63E-04	5.98E-03
4.50E-02	5.84E+00	1.88E-03	5.84E+00	4.37E-03	1.79E-04	7.39E-03
5.00E-02	5.41E+00	1.89E-03	5.41E+00	5.26E-03	1.95E-04	8.92E-03
5.50E-02	5.05E+00	1.90E-03	5.05E+00	6.22E-03	2.10E-04	1.06E-02
6.00E-02	4.74E+00	1.91E-03	4.74E+00	7.24E-03	2.25E-04	1.23E-02
7.00E-02	4.26E+00	1.94E-03	4.26E+00	9.47E-03	2.55E-04	1.62E-02
8.00E-02	3.89E+00	1.96E-03	3.89E+00	1.19E-02	2.83E-04	2.04E-02
9.00E-02	3.59E+00	1.99E-03	3.60E+00	1.46E-02	3.10E-04	2.50E-02
1.00E-01	3.36E+00	2.01E-03	3.36E+00	1.75E-02	3.37E-04	3.00E-02
1.25E-01	2.93E+00	2.09E-03	2.93E+00	2.55E-02	4.01E-04	4.35E-02
1.50E-01	2.63E+00	2.16E-03	2.64E+00	3.45E-02	4.61E-04	5.86E-02
1.75E-01	2.42E+00	2.24E-03	2.43E+00	4.44E-02	5.20E-04	7.48E-02
2.00E-01	2.27E+00	2.33E-03	2.27E+00	5.51E-02	5.77E-04	9.19E-02
2.50E-01	2.05E+00	2.51E-03	2.05E+00	7.84E-02	6.87E-04	1.28E-01
3.00E-01	1.90E+00	2.70E-03	1.90E+00	1.04E-01	7.92E-04	1.66E-01
3.50E-01	1.80E+00	2.91E-03	1.80E+00	1.31E-01	8.96E-04	2.04E-01
4.00E-01	1.73E+00	3.14E-03	1.73E+00	1.59E-01	9.99E-04	2.43E-01
4.50E-01	1.67E+00	3.37E-03	1.67E+00	1.89E-01	1.10E-03	2.82E-01
5.00E-01	1.63E+00	3.62E-03	1.63E+00	2.19E-01	1.20E-03	3.20E-01
5.50E-01	1.59E+00	3.88E-03	1.60E+00	2.50E-01	1.30E-03	3.58E-01
6.00E-01	1.57E+00	4.14E-03	1.57E+00	2.81E-01	1.41E-03	3.96E-01
7.00E-01	1.53E+00	4.69E-03	1.53E+00	3.46E-01	1.61E-03	4.68E-01
8.00E-01	1.50E+00	5.28E-03	1.51E+00	4.12E-01	1.82E-03	5.38E-01
9.00E-01	1.48E+00	5.89E-03	1.49E+00	4.79E-01	2.03E-03	6.05E-01
1.00E+00	1.47E+00	6.52E-03	1.48E+00	5.46E-01	2.25E-03	6.69E-01
1.25E+00	1.46E+00	8.20E-03	1.46E+00	7.16E-01	2.80E-03	8.18E-01
1.50E+00	1.45E+00	1.00E-02	1.46E+00	8.87E-01	3.37E-03	9.53E-01
1.75E+00	1.45E+00	1.19E-02	1.46E+00	1.06E+00	3.96E-03	1.08E+00
2.00E+00	1.46E+00	1.39E-02	1.47E+00	1.23E+00	4.56E-03	1.19E+00
2.50E+00	1.47E+00	1.81E-02	1.48E+00	1.57E+00	5.81E-03	1.41E+00
3.00E+00	1.48E+00	2.25E-02	1.50E+00	1.90E+00	7.10E-03	1.60E+00
3.50E+00	1.49E+00	2.71E-02	1.52E+00	2.23E+00	8.43E-03	1.77E+00
4.00E+00	1.50E+00	3.18E-02	1.53E+00	2.56E+00	9.80E-03	1.94E+00
4.50E+00	1.51E+00	3.67E-02	1.55E+00	2.89E+00	1.12E-02	2.09E+00
5.00E+00	1.52E+00	4.17E-02	1.56E+00	3.21E+00	1.26E-02	2.24E+00
5.50E+00	1.53E+00	4.69E-02	1.57E+00	3.53E+00	1.40E-02	2.37E+00
6.00E+00	1.53E+00	5.21E-02	1.58E+00	3.85E+00	1.55E-02	2.50E+00
7.00E+00	1.54E+00	6.28E-02	1.61E+00	4.47E+00	1.84E-02	2.74E+00
8.00E+00	1.56E+00	7.39E-02	1.63E+00	5.09E+00	2.14E-02	2.96E+00
9.00E+00	1.56E+00	8.51E-02	1.65E+00	5.70E+00	2.44E-02	3.16E+00
1.00E+01	1.57E+00	9.66E-02	1.67E+00	6.30E+00	2.74E-02	3.34E+00
1.25E+01	1.59E+00	1.26E-01	1.72E+00	7.78E+00	3.51E-02	3.74E+00
1.50E+01	1.60E+00	1.57E-01	1.76E+00	9.22E+00	4.28E-02	4.08E+00
1.75E+01	1.61E+00	1.88E-01	1.80E+00	1.06E+01	5.05E-02	4.37E+00
2.00E+01	1.62E+00	2.19E-01	1.84E+00	1.20E+01	5.82E-02	4.62E+00
2.50E+01	1.64E+00	2.84E-01	1.92E+00	1.47E+01	7.32E-02	5.05E+00
3.00E+01	1.65E+00	3.50E-01	2.00E+00	1.72E+01	8.79E-02	5.40E+00
3.50E+01	1.66E+00	4.17E-01	2.08E+00	1.97E+01	1.02E-01	5.71E+00
4.00E+01	1.67E+00	4.84E-01	2.16E+00	2.20E+01	1.16E-01	5.97E+00
4.50E+01	1.68E+00	5.52E-01	2.23E+00	2.43E+01	1.29E-01	6.20E+00
5.00E+01	1.69E+00	6.21E-01	2.31E+00	2.65E+01	1.42E-01	6.41E+00
5.50E+01	1.69E+00	6.90E-01	2.38E+00	2.86E+01	1.55E-01	6.59E+00
6.00E+01	1.70E+00	7.60E-01	2.46E+00	3.07E+01	1.67E-01	6.77E+00
7.00E+01	1.71E+00	9.00E-01	2.61E+00	3.46E+01	1.90E-01	7.07E+00
8.00E+01	1.72E+00	1.04E+00	2.76E+00	3.84E+01	2.11E-01	7.34E+00
9.00E+01	1.73E+00	1.18E+00	2.91E+00	4.19E+01	2.31E-01	7.57E+00
1.00E+02	1.74E+00	1.33E+00	3.06E+00	4.52E+01	2.50E-01	7.78E+00
1.25E+02	1.75E+00	1.69E+00	3.44E+00	5.30E+01	2.93E-01	8.22E+00
1.50E+02	1.76E+00	2.05E+00	3.81E+00	5.99E+01	3.30E-01	8.59E+00
1.75E+02	1.77E+00	2.41E+00	4.19E+00	6.61E+01	3.62E-01	8.89E+00
2.00E+02	1.78E+00	2.78E+00	4.56E+00	7.18E+01	3.91E-01	9.16E+00
2.50E+02	1.80E+00	3.52E+00	5.31E+00	8.20E+01	4.40E-01	9.61E+00
3.00E+02	1.81E+00	4.26E+00	6.07E+00	9.08E+01	4.81E-01	9.97E+00
3.50E+02	1.82E+00	5.00E+00	6.82E+00	9.85E+01	5.14E-01	1.03E+01
4.00E+02	1.83E+00	5.75E+00	7.58E+00	1.06E+02	5.43E-01	1.05E+01
4.50E+02	1.84E+00	6.49E+00	8.33E+00	1.12E+02	5.69E-01	1.08E+01
5.00E+02	1.85E+00	7.24E+00	9.09E+00	1.18E+02	5.91E-01	1.10E+01
5.50E+02	1.85E+00	7.99E+00	9.85E+00	1.23E+02	6.10E-01	1.12E+01
6.00E+02	1.86E+00	8.74E+00	1.06E+01	1.28E+02	6.27E-01	1.14E+01
7.00E+02	1.87E+00	1.03E+01	1.21E+01	1.37E+02	6.57E-01	1.17E+01
8.00E+02	1.88E+00	1.18E+01	1.36E+01	1.44E+02	6.82E-01	1.19E+01
9.00E+02	1.89E+00	1.33E+01	1.52E+01	1.51E+02	7.03E-01	1.22E+01
1.00E+03	1.89E+00	1.48E+01	1.67E+01	1.58E+02	7.20E-01	1.24E+01