1.00E-02	8.67E+00	2.04E-02	8.69E+00	7.92E-04	1.15E-03	6.03E-04
1.25E-02	7.56E+00	2.24E-02	7.59E+00	1.10E-03	1.45E-03	7.71E-04
1.50E-02	6.74E+00	2.40E-02	6.76E+00	1.45E-03	1.75E-03	9.47E-04
1.75E-02	6.10E+00	2.54E-02	6.13E+00	1.84E-03	2.05E-03	1.13E-03
2.00E-02	5.60E+00	2.67E-02	5.62E+00	2.27E-03	2.35E-03	1.32E-03
2.50E-02	4.83E+00	2.87E-02	4.86E+00	3.23E-03	2.95E-03	1.74E-03
3.00E-02	4.28E+00	3.04E-02	4.32E+00	4.32E-03	3.53E-03	2.18E-03
3.50E-02	3.87E+00	3.19E-02	3.90E+00	5.54E-03	4.12E-03	2.67E-03
4.00E-02	3.55E+00	3.32E-02	3.58E+00	6.88E-03	4.69E-03	3.21E-03
4.50E-02	3.28E+00	3.44E-02	3.32E+00	8.33E-03	5.26E-03	3.79E-03
5.00E-02	3.07E+00	3.55E-02	3.10E+00	9.89E-03	5.83E-03	4.43E-03
5.50E-02	2.89E+00	3.65E-02	2.92E+00	1.16E-02	6.39E-03	5.12E-03
6.00E-02	2.73E+00	3.74E-02	2.77E+00	1.33E-02	6.94E-03	5.88E-03
7.00E-02	2.48E+00	3.91E-02	2.52E+00	1.71E-02	8.02E-03	7.60E-03
8.00E-02	2.29E+00	4.07E-02	2.33E+00	2.12E-02	9.08E-03	9.62E-03
9.00E-02	2.13E+00	4.21E-02	2.17E+00	2.57E-02	1.01E-02	1.20E-02
1.00E-01	2.01E+00	4.35E-02	2.05E+00	3.04E-02	1.11E-02	1.47E-02
1.25E-01	1.77E+00	4.65E-02	1.82E+00	4.34E-02	1.36E-02	2.29E-02
1.50E-01	1.61E+00	4.92E-02	1.66E+00	5.78E-02	1.59E-02	3.23E-02
1.75E-01	1.50E+00	5.16E-02	1.55E+00	7.34E-02	1.82E-02	4.21E-02
2.00E-01	1.41E+00	5.40E-02	1.47E+00	9.00E-02	2.03E-02	5.19E-02
2.50E-01	1.29E+00	5.83E-02	1.35E+00	1.26E-01	2.42E-02	7.07E-02
3.00E-01	1.21E+00	6.26E-02	1.27E+00	1.64E-01	2.79E-02	8.88E-02
3.50E-01	1.16E+00	6.68E-02	1.22E+00	2.04E-01	3.13E-02	1.06E-01
4.00E-01	1.12E+00	7.10E-02	1.19E+00	2.46E-01	3.46E-02	1.23E-01
4.50E-01	1.09E+00	7.52E-02	1.16E+00	2.88E-01	3.76E-02	1.40E-01
5.00E-01	1.07E+00	7.95E-02	1.15E+00	3.31E-01	4.06E-02	1.57E-01
5.50E-01	1.05E+00	8.39E-02	1.14E+00	3.75E-01	4.34E-02	1.73E-01
6.00E-01	1.04E+00	8.83E-02	1.13E+00	4.19E-01	4.61E-02	1.89E-01
7.00E-01	1.02E+00	9.72E-02	1.12E+00	5.09E-01	5.13E-02	2.21E-01
8.00E-01	1.01E+00	1.06E-01	1.12E+00	5.98E-01	5.63E-02	2.52E-01
9.00E-01	1.01E+00	1.16E-01	1.12E+00	6.87E-01	6.11E-02	2.84E-01
1.00E+00	1.00E+00	1.25E-01	1.13E+00	7.76E-01	6.56E-02	3.14E-01
1.25E+00	1.01E+00	1.49E-01	1.15E+00	9.95E-01	7.65E-02	3.90E-01
1.50E+00	1.01E+00	1.74E-01	1.19E+00	1.21E+00	8.68E-02	4.64E-01
1.75E+00	1.02E+00	2.00E-01	1.22E+00	1.42E+00	9.66E-02	5.36E-01
2.00E+00	1.03E+00	2.26E-01	1.26E+00	1.62E+00	1.06E-01	6.05E-01
2.50E+00	1.05E+00	2.80E-01	1.33E+00	2.01E+00	1.24E-01	7.35E-01
3.00E+00	1.07E+00	3.35E-01	1.40E+00	2.37E+00	1.41E-01	8.55E-01
3.50E+00	1.08E+00	3.92E-01	1.47E+00	2.72E+00	1.57E-01	9.66E-01
4.00E+00	1.10E+00	4.49E-01	1.54E+00	3.05E+00	1.72E-01	1.07E+00
4.50E+00	1.11E+00	5.08E-01	1.62E+00	3.37E+00	1.87E-01	1.16E+00
5.00E+00	1.12E+00	5.67E-01	1.69E+00	3.67E+00	2.01E-01	1.25E+00
5.50E+00	1.13E+00	6.27E-01	1.76E+00	3.96E+00	2.14E-01	1.34E+00
6.00E+00	1.14E+00	6.87E-01	1.83E+00	4.24E+00	2.27E-01	1.42E+00
7.00E+00	1.16E+00	8.10E-01	1.97E+00	4.77E+00	2.51E-01	1.57E+00
8.00E+00	1.17E+00	9.34E-01	2.11E+00	5.26E+00	2.73E-01	1.70E+00
9.00E+00	1.19E+00	1.06E+00	2.25E+00	5.72E+00	2.93E-01	1.82E+00
1.00E+01	1.20E+00	1.19E+00	2.39E+00	6.15E+00	3.13E-01	1.94E+00
1.25E+01	1.22E+00	1.51E+00	2.73E+00	7.13E+00	3.55E-01	2.19E+00
1.50E+01	1.24E+00	1.84E+00	3.08E+00	7.99E+00	3.92E-01	2.41E+00
1.75E+01	1.26E+00	2.18E+00	3.44E+00	8.76E+00	4.24E-01	2.60E+00
2.00E+01	1.27E+00	2.52E+00	3.79E+00	9.45E+00	4.53E-01	2.78E+00
2.50E+01	1.29E+00	3.21E+00	4.50E+00	1.07E+01	5.00E-01	3.08E+00
3.00E+01	1.31E+00	3.91E+00	5.22E+00	1.17E+01	5.39E-01	3.33E+00
3.50E+01	1.33E+00	4.62E+00	5.94E+00	1.26E+01	5.71E-01	3.56E+00
4.00E+01	1.34E+00	5.33E+00	6.67E+00	1.34E+01	5.98E-01	3.76E+00
4.50E+01	1.35E+00	6.05E+00	7.40E+00	1.41E+01	6.21E-01	3.94E+00
5.00E+01	1.36E+00	6.77E+00	8.13E+00	1.47E+01	6.42E-01	4.11E+00
5.50E+01	1.37E+00	7.50E+00	8.87E+00	1.53E+01	6.60E-01	4.26E+00
6.00E+01	1.37E+00	8.23E+00	9.60E+00	1.59E+01	6.76E-01	4.40E+00
7.00E+01	1.39E+00	9.70E+00	1.11E+01	1.68E+01	7.03E-01	4.65E+00
8.00E+01	1.40E+00	1.12E+01	1.26E+01	1.77E+01	7.26E-01	4.88E+00
9.00E+01	1.41E+00	1.27E+01	1.41E+01	1.84E+01	7.44E-01	5.08E+00
1.00E+02	1.41E+00	1.42E+01	1.56E+01	1.91E+01	7.60E-01	5.26E+00
1.25E+02	1.43E+00	1.79E+01	1.93E+01	2.06E+01	7.92E-01	5.66E+00
1.50E+02	1.44E+00	2.17E+01	2.31E+01	2.17E+01	8.15E-01	5.98E+00
1.75E+02	1.46E+00	2.55E+01	2.69E+01	2.27E+01	8.33E-01	6.26E+00
2.00E+02	1.46E+00	2.93E+01	3.07E+01	2.36E+01	8.48E-01	6.51E+00
2.50E+02	1.48E+00	3.69E+01	3.83E+01	2.51E+01	8.70E-01	6.93E+00
3.00E+02	1.49E+00	4.45E+01	4.60E+01	2.63E+01	8.86E-01	7.27E+00
3.50E+02	1.50E+00	5.21E+01	5.36E+01	2.73E+01	8.98E-01	7.56E+00
4.00E+02	1.51E+00	5.97E+01	6.13E+01	2.81E+01	9.07E-01	7.82E+00
4.50E+02	1.52E+00	6.74E+01	6.89E+01	2.89E+01	9.15E-01	8.05E+00
5.00E+02	1.53E+00	7.50E+01	7.66E+01	2.96E+01	9.21E-01	8.25E+00
5.50E+02	1.53E+00	8.27E+01	8.42E+01	3.02E+01	9.27E-01	8.44E+00
6.00E+02	1.54E+00	9.04E+01	9.19E+01	3.08E+01	9.31E-01	8.61E+00
7.00E+02	1.55E+00	1.06E+02	1.07E+02	3.18E+01	9.39E-01	8.91E+00
8.00E+02	1.56E+00	1.21E+02	1.23E+02	3.27E+01	9.45E-01	9.17E+00
9.00E+02	1.56E+00	1.36E+02	1.38E+02	3.34E+01	9.50E-01	9.40E+00
1.00E+03	1.57E+00	1.52E+02	1.53E+02	3.41E+01	9.54E-01	9.61E+00