1.00E-02	1.39E+01	1.14E-02	1.39E+01	4.33E-04	4.20E-04	2.47E-03
1.25E-02	1.19E+01	1.19E-02	1.19E+01	6.28E-04	5.19E-04	3.16E-03
1.50E-02	1.04E+01	1.24E-02	1.04E+01	8.54E-04	6.15E-04	3.87E-03
1.75E-02	9.31E+00	1.27E-02	9.32E+00	1.11E-03	7.09E-04	4.60E-03
2.00E-02	8.46E+00	1.30E-02	8.47E+00	1.39E-03	8.01E-04	5.37E-03
2.50E-02	7.20E+00	1.34E-02	7.21E+00	2.03E-03	9.80E-04	6.98E-03
3.00E-02	6.32E+00	1.37E-02	6.33E+00	2.77E-03	1.15E-03	8.70E-03
3.50E-02	5.66E+00	1.39E-02	5.67E+00	3.61E-03	1.32E-03	1.05E-02
4.00E-02	5.15E+00	1.41E-02	5.16E+00	4.54E-03	1.48E-03	1.25E-02
4.50E-02	4.74E+00	1.43E-02	4.76E+00	5.55E-03	1.63E-03	1.46E-02
5.00E-02	4.41E+00	1.45E-02	4.42E+00	6.64E-03	1.78E-03	1.67E-02
5.50E-02	4.13E+00	1.46E-02	4.14E+00	7.81E-03	1.93E-03	1.90E-02
6.00E-02	3.89E+00	1.47E-02	3.91E+00	9.05E-03	2.07E-03	2.14E-02
7.00E-02	3.51E+00	1.49E-02	3.53E+00	1.18E-02	2.35E-03	2.66E-02
8.00E-02	3.22E+00	1.51E-02	3.24E+00	1.47E-02	2.61E-03	3.21E-02
9.00E-02	2.99E+00	1.53E-02	3.01E+00	1.79E-02	2.86E-03	3.80E-02
1.00E-01	2.80E+00	1.55E-02	2.82E+00	2.14E-02	3.11E-03	4.42E-02
1.25E-01	2.46E+00	1.59E-02	2.48E+00	3.09E-02	3.68E-03	6.07E-02
1.50E-01	2.23E+00	1.64E-02	2.24E+00	4.15E-02	4.21E-03	7.79E-02
1.75E-01	2.06E+00	1.69E-02	2.07E+00	5.31E-02	4.71E-03	9.54E-02
2.00E-01	1.93E+00	1.74E-02	1.95E+00	6.56E-02	5.19E-03	1.13E-01
2.50E-01	1.75E+00	1.84E-02	1.77E+00	9.26E-02	6.09E-03	1.47E-01
3.00E-01	1.64E+00	1.96E-02	1.66E+00	1.22E-01	6.92E-03	1.80E-01
3.50E-01	1.56E+00	2.08E-02	1.58E+00	1.53E-01	7.72E-03	2.12E-01
4.00E-01	1.50E+00	2.21E-02	1.52E+00	1.85E-01	8.49E-03	2.43E-01
4.50E-01	1.45E+00	2.35E-02	1.48E+00	2.19E-01	9.24E-03	2.73E-01
5.00E-01	1.42E+00	2.49E-02	1.45E+00	2.53E-01	9.97E-03	3.03E-01
5.50E-01	1.39E+00	2.64E-02	1.42E+00	2.88E-01	1.07E-02	3.32E-01
6.00E-01	1.37E+00	2.79E-02	1.40E+00	3.23E-01	1.14E-02	3.60E-01
7.00E-01	1.35E+00	3.11E-02	1.38E+00	3.95E-01	1.28E-02	4.15E-01
8.00E-01	1.33E+00	3.45E-02	1.36E+00	4.68E-01	1.42E-02	4.68E-01
9.00E-01	1.32E+00	3.80E-02	1.35E+00	5.42E-01	1.56E-02	5.20E-01
1.00E+00	1.31E+00	4.16E-02	1.35E+00	6.16E-01	1.70E-02	5.69E-01
1.25E+00	1.30E+00	5.12E-02	1.35E+00	8.01E-01	2.04E-02	6.87E-01
1.50E+00	1.30E+00	6.14E-02	1.37E+00	9.85E-01	2.39E-02	7.96E-01
1.75E+00	1.31E+00	7.21E-02	1.38E+00	1.17E+00	2.75E-02	8.99E-01
2.00E+00	1.32E+00	8.32E-02	1.40E+00	1.35E+00	3.10E-02	9.96E-01
2.50E+00	1.33E+00	1.06E-01	1.44E+00	1.70E+00	3.81E-02	1.17E+00
3.00E+00	1.35E+00	1.31E-01	1.48E+00	2.04E+00	4.53E-02	1.33E+00
3.50E+00	1.37E+00	1.56E-01	1.52E+00	2.38E+00	5.24E-02	1.48E+00
4.00E+00	1.38E+00	1.81E-01	1.56E+00	2.70E+00	5.95E-02	1.61E+00
4.50E+00	1.39E+00	2.08E-01	1.60E+00	3.02E+00	6.66E-02	1.73E+00
5.00E+00	1.40E+00	2.35E-01	1.64E+00	3.33E+00	7.36E-02	1.84E+00
5.50E+00	1.41E+00	2.62E-01	1.68E+00	3.63E+00	8.05E-02	1.95E+00
6.00E+00	1.42E+00	2.90E-01	1.71E+00	3.92E+00	8.74E-02	2.04E+00
7.00E+00	1.44E+00	3.46E-01	1.79E+00	4.49E+00	1.01E-01	2.22E+00
8.00E+00	1.46E+00	4.04E-01	1.86E+00	5.04E+00	1.14E-01	2.38E+00
9.00E+00	1.47E+00	4.62E-01	1.93E+00	5.57E+00	1.27E-01	2.52E+00
1.00E+01	1.48E+00	5.22E-01	2.01E+00	6.08E+00	1.39E-01	2.65E+00
1.25E+01	1.51E+00	6.73E-01	2.18E+00	7.27E+00	1.68E-01	2.94E+00
1.50E+01	1.53E+00	8.28E-01	2.36E+00	8.37E+00	1.95E-01	3.19E+00
1.75E+01	1.55E+00	9.85E-01	2.53E+00	9.40E+00	2.20E-01	3.41E+00
2.00E+01	1.56E+00	1.15E+00	2.70E+00	1.04E+01	2.44E-01	3.61E+00
2.50E+01	1.58E+00	1.47E+00	3.05E+00	1.21E+01	2.85E-01	3.96E+00
3.00E+01	1.60E+00	1.80E+00	3.40E+00	1.37E+01	3.22E-01	4.25E+00
3.50E+01	1.62E+00	2.13E+00	3.74E+00	1.51E+01	3.55E-01	4.51E+00
4.00E+01	1.63E+00	2.46E+00	4.09E+00	1.63E+01	3.83E-01	4.74E+00
4.50E+01	1.64E+00	2.80E+00	4.43E+00	1.75E+01	4.09E-01	4.94E+00
5.00E+01	1.65E+00	3.14E+00	4.78E+00	1.86E+01	4.33E-01	5.13E+00
5.50E+01	1.66E+00	3.48E+00	5.13E+00	1.96E+01	4.54E-01	5.30E+00
6.00E+01	1.66E+00	3.82E+00	5.48E+00	2.05E+01	4.74E-01	5.45E+00
7.00E+01	1.68E+00	4.50E+00	6.18E+00	2.23E+01	5.08E-01	5.73E+00
8.00E+01	1.69E+00	5.19E+00	6.88E+00	2.38E+01	5.37E-01	5.97E+00
9.00E+01	1.70E+00	5.89E+00	7.58E+00	2.52E+01	5.63E-01	6.19E+00
1.00E+02	1.71E+00	6.58E+00	8.29E+00	2.64E+01	5.85E-01	6.38E+00
1.25E+02	1.72E+00	8.34E+00	1.01E+01	2.92E+01	6.30E-01	6.80E+00
1.50E+02	1.74E+00	1.01E+01	1.18E+01	3.15E+01	6.66E-01	7.15E+00
1.75E+02	1.75E+00	1.19E+01	1.36E+01	3.34E+01	6.94E-01	7.44E+00
2.00E+02	1.76E+00	1.36E+01	1.54E+01	3.52E+01	7.17E-01	7.70E+00
2.50E+02	1.78E+00	1.72E+01	1.90E+01	3.81E+01	7.53E-01	8.13E+00
3.00E+02	1.79E+00	2.08E+01	2.26E+01	4.05E+01	7.80E-01	8.48E+00
3.50E+02	1.80E+00	2.44E+01	2.62E+01	4.25E+01	8.01E-01	8.79E+00
4.00E+02	1.81E+00	2.79E+01	2.97E+01	4.43E+01	8.17E-01	9.05E+00
4.50E+02	1.82E+00	3.15E+01	3.33E+01	4.59E+01	8.31E-01	9.28E+00
5.00E+02	1.83E+00	3.51E+01	3.69E+01	4.73E+01	8.43E-01	9.49E+00
5.50E+02	1.84E+00	3.87E+01	4.06E+01	4.86E+01	8.53E-01	9.68E+00
6.00E+02	1.84E+00	4.23E+01	4.42E+01	4.98E+01	8.62E-01	9.85E+00
7.00E+02	1.85E+00	4.95E+01	5.14E+01	5.19E+01	8.76E-01	1.02E+01
8.00E+02	1.86E+00	5.67E+01	5.86E+01	5.37E+01	8.87E-01	1.04E+01
9.00E+02	1.87E+00	6.39E+01	6.58E+01	5.53E+01	8.96E-01	1.07E+01
1.00E+03	1.88E+00	7.12E+01	7.30E+01	5.68E+01	9.04E-01	1.09E+01