1.00E-02	2.26E+01	3.90E-03	2.26E+01	2.52E-04	9.41E-05	0.00E+00
1.25E-02	1.90E+01	3.93E-03	1.90E+01	3.73E-04	1.13E-04	0.00E+00
1.50E-02	1.65E+01	3.94E-03	1.65E+01	5.15E-04	1.32E-04	0.00E+00
1.75E-02	1.46E+01	3.96E-03	1.46E+01	6.76E-04	1.49E-04	0.00E+00
2.00E-02	1.32E+01	3.96E-03	1.32E+01	8.57E-04	1.66E-04	0.00E+00
2.50E-02	1.11E+01	3.97E-03	1.11E+01	1.27E-03	1.99E-04	0.00E+00
3.00E-02	9.65E+00	3.98E-03	9.66E+00	1.76E-03	2.30E-04	0.00E+00
3.50E-02	8.59E+00	3.99E-03	8.60E+00	2.31E-03	2.60E-04	0.00E+00						
4.00E-02	7.78E+00	4.01E-03	7.78E+00	2.92E-03	2.89E-04	0.00E+00
4.50E-02	7.13E+00	4.02E-03	7.13E+00	3.59E-03	3.17E-04	0.00E+00
5.00E-02	6.60E+00	4.03E-03	6.61E+00	4.32E-03	3.44E-04	0.00E+00
5.50E-02	6.17E+00	4.05E-03	6.17E+00	5.10E-03	3.70E-04	0.00E+00
6.00E-02	5.80E+00	4.06E-03	5.80E+00	5.94E-03	3.96E-04	0.00E+00
7.00E-02	5.21E+00	4.10E-03	5.21E+00	7.76E-03	4.45E-04	0.00E+00
8.00E-02	4.76E+00	4.14E-03	4.76E+00	9.77E-03	4.93E-04	0.00E+00
9.00E-02	4.40E+00	4.18E-03	4.41E+00	1.20E-02	5.39E-04	0.00E+00						
1.00E-01	4.12E+00	4.23E-03	4.12E+00	1.43E-02	5.84E-04	0.00E+00
1.25E-01	3.59E+00	4.36E-03	3.60E+00	2.08E-02	6.91E-04	0.00E+00
1.50E-01	3.24E+00	4.49E-03	3.24E+00	2.82E-02	7.93E-04	0.00E+00
1.75E-01	2.98E+00	4.64E-03	2.99E+00	3.62E-02	8.89E-04	0.00E+00
2.00E-01	2.79E+00	4.80E-03	2.80E+00	4.49E-02	9.83E-04	0.00E+00
2.50E-01	2.53E+00	5.14E-03	2.53E+00	6.37E-02	1.16E-03	0.00E+00
3.00E-01	2.36E+00	5.51E-03	2.36E+00	8.42E-02	1.33E-03	0.00E+00
3.50E-01	2.24E+00	5.91E-03	2.24E+00	1.06E-01	1.50E-03	0.00E+00						
4.00E-01	2.15E+00	6.34E-03	2.15E+00	1.29E-01	1.66E-03	0.00E+00
4.50E-01	2.08E+00	6.79E-03	2.09E+00	1.52E-01	1.82E-03	0.00E+00
5.00E-01	2.03E+00	7.26E-03	2.04E+00	1.77E-01	1.98E-03	0.00E+00
5.50E-01	2.00E+00	7.75E-03	2.00E+00	2.01E-01	2.13E-03	1.10E-02
6.00E-01	1.96E+00	8.25E-03	1.97E+00	2.27E-01	2.29E-03	2.94E-02
7.00E-01	1.92E+00	9.31E-03	1.93E+00	2.78E-01	2.61E-03	7.44E-02
8.00E-01	1.89E+00	1.04E-02	1.90E+00	3.30E-01	2.93E-03	1.27E-01
9.00E-01	1.86E+00	1.16E-02	1.88E+00	3.83E-01	3.25E-03	1.84E-01						
1.00E+00	1.85E+00	1.28E-02	1.86E+00	4.37E-01	3.58E-03	2.43E-01
1.25E+00	1.83E+00	1.60E-02	1.85E+00	5.72E-01	4.42E-03	3.94E-01
1.50E+00	1.82E+00	1.94E-02	1.84E+00	7.08E-01	5.28E-03	5.44E-01
1.75E+00	1.82E+00	2.30E-02	1.84E+00	8.43E-01	6.17E-03	6.87E-01
2.00E+00	1.82E+00	2.68E-02	1.85E+00	9.79E-01	7.09E-03	8.22E-01
2.50E+00	1.83E+00	3.47E-02	1.87E+00	1.25E+00	8.97E-03	1.07E+00
3.00E+00	1.85E+00	4.30E-02	1.89E+00	1.51E+00	1.09E-02	1.29E+00
3.50E+00	1.86E+00	5.16E-02	1.91E+00	1.78E+00	1.29E-02	1.48E+00						
4.00E+00	1.87E+00	6.06E-02	1.93E+00	2.04E+00	1.50E-02	1.66E+00
4.50E+00	1.88E+00	6.98E-02	1.95E+00	2.30E+00	1.70E-02	1.82E+00
5.00E+00	1.89E+00	7.92E-02	1.97E+00	2.55E+00	1.91E-02	1.97E+00
5.50E+00	1.90E+00	8.88E-02	1.99E+00	2.80E+00	2.12E-02	2.10E+00
6.00E+00	1.91E+00	9.85E-02	2.01E+00	3.05E+00	2.34E-02	2.23E+00
7.00E+00	1.93E+00	1.19E-01	2.05E+00	3.55E+00	2.77E-02	2.45E+00
8.00E+00	1.94E+00	1.39E-01	2.08E+00	4.03E+00	3.20E-02	2.65E+00
9.00E+00	1.96E+00	1.60E-01	2.12E+00	4.51E+00	3.64E-02	2.83E+00						
1.00E+01	1.97E+00	1.81E-01	2.15E+00	4.98E+00	4.07E-02	2.99E+00
1.25E+01	1.99E+00	2.36E-01	2.23E+00	6.12E+00	5.16E-02	3.34E+00
1.50E+01	2.01E+00	2.93E-01	2.31E+00	7.22E+00	6.24E-02	3.63E+00
1.75E+01	2.03E+00	3.50E-01	2.38E+00	8.29E+00	7.31E-02	3.89E+00
2.00E+01	2.05E+00	4.09E-01	2.45E+00	9.32E+00	8.36E-02	4.11E+00
2.50E+01	2.07E+00	5.28E-01	2.60E+00	1.13E+01	1.04E-01	4.49E+00
3.00E+01	2.09E+00	6.49E-01	2.74E+00	1.32E+01	1.23E-01	4.81E+00
3.50E+01	2.11E+00	7.72E-01	2.88E+00	1.50E+01	1.42E-01	5.08E+00						
4.00E+01	2.12E+00	8.96E-01	3.01E+00	1.67E+01	1.59E-01	5.33E+00
4.50E+01	2.13E+00	1.02E+00	3.15E+00	1.83E+01	1.76E-01	5.54E+00
5.00E+01	2.14E+00	1.15E+00	3.29E+00	1.98E+01	1.92E-01	5.74E+00
5.50E+01	2.15E+00	1.27E+00	3.42E+00	2.13E+01	2.08E-01	5.92E+00
6.00E+01	2.16E+00	1.40E+00	3.56E+00	2.28E+01	2.22E-01	6.09E+00
7.00E+01	2.17E+00	1.66E+00	3.83E+00	2.55E+01	2.50E-01	6.38E+00
8.00E+01	2.18E+00	1.91E+00	4.10E+00	2.80E+01	2.75E-01	6.64E+00
9.00E+01	2.19E+00	2.17E+00	4.37E+00	3.04E+01	2.98E-01	6.87E+00						
1.00E+02	2.20E+00	2.43E+00	4.64E+00	3.26E+01	3.19E-01	7.08E+00
1.25E+02	2.22E+00	3.09E+00	5.31E+00	3.76E+01	3.66E-01	7.52E+00
1.50E+02	2.24E+00	3.75E+00	5.99E+00	4.20E+01	4.06E-01	7.88E+00
1.75E+02	2.25E+00	4.41E+00	6.66E+00	4.60E+01	4.40E-01	8.18E+00
2.00E+02	2.26E+00	5.08E+00	7.34E+00	4.96E+01	4.70E-01	8.45E+00
2.50E+02	2.28E+00	6.42E+00	8.70E+00	5.58E+01	5.19E-01	8.89E+00
3.00E+02	2.30E+00	7.76E+00	1.01E+01	6.12E+01	5.58E-01	9.25E+00
3.50E+02	2.31E+00	9.11E+00	1.14E+01	6.58E+01	5.91E-01	9.56E+00						
4.00E+02	2.32E+00	1.05E+01	1.28E+01	7.00E+01	6.18E-01	9.83E+00
4.50E+02	2.33E+00	1.18E+01	1.41E+01	7.37E+01	6.41E-01	1.01E+01
5.00E+02	2.34E+00	1.32E+01	1.55E+01	7.71E+01	6.61E-01	1.03E+01
5.50E+02	2.35E+00	1.45E+01	1.69E+01	8.01E+01	6.79E-01	1.05E+01
6.00E+02	2.36E+00	1.59E+01	1.82E+01	8.30E+01	6.95E-01	1.06E+01
7.00E+02	2.37E+00	1.86E+01	2.10E+01	8.81E+01	7.21E-01	1.09E+01
8.00E+02	2.38E+00	2.13E+01	2.37E+01	9.26E+01	7.43E-01	1.12E+01
9.00E+02	2.39E+00	2.41E+01	2.65E+01	9.66E+01	7.61E-01	1.15E+01
1.00E+03	2.40E+00	2.68E+01	2.92E+01	1.00E+02	7.76E-01	1.17E+01