1.00E-02	1.45E+01	9.84E-03	1.45E+01	4.10E-04	3.51E-04	2.04E-03
1.25E-02	1.23E+01	1.03E-02	1.23E+01	5.98E-04	4.32E-04	2.59E-03
1.50E-02	1.08E+01	1.06E-02	1.08E+01	8.16E-04	5.11E-04	3.15E-03
1.75E-02	9.63E+00	1.08E-02	9.64E+00	1.06E-03	5.88E-04	3.73E-03
2.00E-02	8.74E+00	1.10E-02	8.75E+00	1.33E-03	6.63E-04	4.32E-03
2.50E-02	7.42E+00	1.13E-02	7.44E+00	1.96E-03	8.08E-04	5.55E-03
3.00E-02	6.50E+00	1.15E-02	6.51E+00	2.68E-03	9.47E-04	6.84E-03
3.50E-02	5.82E+00	1.17E-02	5.83E+00	3.49E-03	1.08E-03	8.18E-03
4.00E-02	5.29E+00	1.18E-02	5.30E+00	4.39E-03	1.21E-03	9.58E-03
4.50E-02	4.87E+00	1.19E-02	4.88E+00	5.38E-03	1.34E-03	1.10E-02
5.00E-02	4.52E+00	1.20E-02	4.53E+00	6.44E-03	1.46E-03	1.25E-02
5.50E-02	4.23E+00	1.21E-02	4.25E+00	7.58E-03	1.57E-03	1.41E-02
6.00E-02	3.99E+00	1.22E-02	4.00E+00	8.79E-03	1.69E-03	1.57E-02
7.00E-02	3.60E+00	1.23E-02	3.61E+00	1.14E-02	1.91E-03	1.90E-02
8.00E-02	3.30E+00	1.25E-02	3.31E+00	1.43E-02	2.12E-03	2.25E-02
9.00E-02	3.06E+00	1.26E-02	3.07E+00	1.75E-02	2.32E-03	2.61E-02
1.00E-01	2.87E+00	1.27E-02	2.88E+00	2.08E-02	2.51E-03	2.99E-02
1.25E-01	2.51E+00	1.31E-02	2.53E+00	3.01E-02	2.97E-03	3.98E-02
1.50E-01	2.27E+00	1.34E-02	2.29E+00	4.06E-02	3.40E-03	5.02E-02
1.75E-01	2.10E+00	1.38E-02	2.12E+00	5.20E-02	3.80E-03	6.11E-02
2.00E-01	1.97E+00	1.42E-02	1.99E+00	6.42E-02	4.18E-03	7.21E-02
2.50E-01	1.79E+00	1.51E-02	1.80E+00	9.07E-02	4.89E-03	9.47E-02
3.00E-01	1.67E+00	1.60E-02	1.69E+00	1.19E-01	5.56E-03	1.17E-01
3.50E-01	1.59E+00	1.70E-02	1.61E+00	1.50E-01	6.20E-03	1.40E-01
4.00E-01	1.53E+00	1.81E-02	1.55E+00	1.82E-01	6.82E-03	1.63E-01
4.50E-01	1.48E+00	1.93E-02	1.50E+00	2.14E-01	7.43E-03	1.86E-01
5.00E-01	1.45E+00	2.04E-02	1.47E+00	2.48E-01	8.02E-03	2.08E-01
5.50E-01	1.42E+00	2.17E-02	1.45E+00	2.82E-01	8.61E-03	2.30E-01
6.00E-01	1.40E+00	2.30E-02	1.43E+00	3.17E-01	9.19E-03	2.53E-01
7.00E-01	1.37E+00	2.57E-02	1.40E+00	3.88E-01	1.03E-02	2.97E-01
8.00E-01	1.36E+00	2.85E-02	1.38E+00	4.60E-01	1.15E-02	3.41E-01
9.00E-01	1.34E+00	3.14E-02	1.37E+00	5.33E-01	1.26E-02	3.84E-01
1.00E+00	1.34E+00	3.45E-02	1.37E+00	6.06E-01	1.38E-02	4.27E-01
1.25E+00	1.33E+00	4.25E-02	1.37E+00	7.88E-01	1.66E-02	5.32E-01
1.50E+00	1.33E+00	5.11E-02	1.38E+00	9.70E-01	1.95E-02	6.32E-01
1.75E+00	1.34E+00	6.01E-02	1.40E+00	1.15E+00	2.24E-02	7.28E-01
2.00E+00	1.34E+00	6.94E-02	1.41E+00	1.33E+00	2.54E-02	8.18E-01
2.50E+00	1.36E+00	8.89E-02	1.45E+00	1.68E+00	3.14E-02	9.86E-01
3.00E+00	1.38E+00	1.09E-01	1.49E+00	2.02E+00	3.74E-02	1.14E+00
3.50E+00	1.39E+00	1.31E-01	1.52E+00	2.35E+00	4.35E-02	1.27E+00
4.00E+00	1.41E+00	1.52E-01	1.56E+00	2.68E+00	4.95E-02	1.40E+00
4.50E+00	1.42E+00	1.75E-01	1.59E+00	2.99E+00	5.55E-02	1.51E+00
5.00E+00	1.43E+00	1.97E-01	1.63E+00	3.30E+00	6.15E-02	1.62E+00
5.50E+00	1.44E+00	2.21E-01	1.66E+00	3.61E+00	6.75E-02	1.71E+00
6.00E+00	1.45E+00	2.44E-01	1.70E+00	3.91E+00	7.34E-02	1.81E+00
7.00E+00	1.47E+00	2.92E-01	1.76E+00	4.49E+00	8.50E-02	1.98E+00
8.00E+00	1.49E+00	3.41E-01	1.83E+00	5.04E+00	9.64E-02	2.13E+00
9.00E+00	1.50E+00	3.91E-01	1.89E+00	5.58E+00	1.08E-01	2.27E+00
1.00E+01	1.51E+00	4.41E-01	1.95E+00	6.10E+00	1.19E-01	2.40E+00
1.25E+01	1.54E+00	5.70E-01	2.11E+00	7.34E+00	1.45E-01	2.70E+00
1.50E+01	1.56E+00	7.02E-01	2.26E+00	8.48E+00	1.69E-01	2.95E+00
1.75E+01	1.57E+00	8.36E-01	2.41E+00	9.55E+00	1.92E-01	3.18E+00
2.00E+01	1.58E+00	9.72E-01	2.56E+00	1.06E+01	2.13E-01	3.39E+00
2.50E+01	1.61E+00	1.25E+00	2.85E+00	1.24E+01	2.53E-01	3.75E+00
3.00E+01	1.62E+00	1.53E+00	3.15E+00	1.41E+01	2.88E-01	4.05E+00
3.50E+01	1.64E+00	1.81E+00	3.45E+00	1.56E+01	3.19E-01	4.31E+00
4.00E+01	1.65E+00	2.10E+00	3.74E+00	1.70E+01	3.47E-01	4.55E+00
4.50E+01	1.66E+00	2.38E+00	4.04E+00	1.83E+01	3.72E-01	4.75E+00
5.00E+01	1.67E+00	2.67E+00	4.34E+00	1.95E+01	3.95E-01	4.94E+00
5.50E+01	1.68E+00	2.96E+00	4.64E+00	2.06E+01	4.16E-01	5.11E+00
6.00E+01	1.68E+00	3.26E+00	4.94E+00	2.16E+01	4.36E-01	5.27E+00
7.00E+01	1.70E+00	3.84E+00	5.54E+00	2.35E+01	4.70E-01	5.55E+00
8.00E+01	1.71E+00	4.43E+00	6.14E+00	2.53E+01	5.00E-01	5.79E+00
9.00E+01	1.72E+00	5.03E+00	6.74E+00	2.68E+01	5.26E-01	6.01E+00
1.00E+02	1.72E+00	5.62E+00	7.35E+00	2.82E+01	5.49E-01	6.21E+00
1.25E+02	1.74E+00	7.12E+00	8.86E+00	3.13E+01	5.96E-01	6.63E+00
1.50E+02	1.76E+00	8.63E+00	1.04E+01	3.39E+01	6.33E-01	6.97E+00
1.75E+02	1.77E+00	1.01E+01	1.19E+01	3.62E+01	6.63E-01	7.27E+00
2.00E+02	1.78E+00	1.17E+01	1.34E+01	3.81E+01	6.88E-01	7.53E+00
2.50E+02	1.79E+00	1.47E+01	1.65E+01	4.15E+01	7.26E-01	7.97E+00
3.00E+02	1.81E+00	1.78E+01	1.96E+01	4.43E+01	7.55E-01	8.32E+00
3.50E+02	1.82E+00	2.08E+01	2.27E+01	4.66E+01	7.78E-01	8.63E+00
4.00E+02	1.83E+00	2.39E+01	2.57E+01	4.87E+01	7.96E-01	8.89E+00
4.50E+02	1.84E+00	2.70E+01	2.88E+01	5.06E+01	8.11E-01	9.13E+00
5.00E+02	1.84E+00	3.01E+01	3.19E+01	5.22E+01	8.24E-01	9.33E+00
5.50E+02	1.85E+00	3.32E+01	3.50E+01	5.37E+01	8.35E-01	9.52E+00
6.00E+02	1.86E+00	3.62E+01	3.81E+01	5.51E+01	8.45E-01	9.70E+00
7.00E+02	1.87E+00	4.24E+01	4.43E+01	5.75E+01	8.60E-01	1.00E+01
8.00E+02	1.88E+00	4.86E+01	5.05E+01	5.96E+01	8.73E-01	1.03E+01
9.00E+02	1.89E+00	5.48E+01	5.67E+01	6.15E+01	8.83E-01	1.05E+01
1.00E+03	1.89E+00	6.10E+01	6.29E+01	6.32E+01	8.92E-01	1.07E+01