1.00E-02	2.10E+01	3.43E-03	2.10E+01	2.71E-04	9.01E-05	0.00E+00
1.25E-02	1.76E+01	3.45E-03	1.76E+01	4.02E-04	1.08E-04	0.00E+00
1.50E-02	1.53E+01	3.46E-03	1.53E+01	5.55E-04	1.25E-04	0.00E+00
1.75E-02	1.36E+01	3.47E-03	1.36E+01	7.28E-04	1.42E-04	0.00E+00
2.00E-02	1.23E+01	3.47E-03	1.23E+01	9.23E-04	1.58E-04	0.00E+00
2.50E-02	1.03E+01	3.48E-03	1.03E+01	1.37E-03	1.88E-04	0.00E+00
3.00E-02	8.98E+00	3.49E-03	8.98E+00	1.89E-03	2.17E-04	0.00E+00
3.50E-02	7.99E+00	3.50E-03	8.00E+00	2.48E-03	2.45E-04	0.00E+00
4.00E-02	7.24E+00	3.51E-03	7.24E+00	3.14E-03	2.72E-04	0.00E+00
4.50E-02	6.63E+00	3.52E-03	6.64E+00	3.86E-03	2.99E-04	0.00E+00
5.00E-02	6.15E+00	3.54E-03	6.15E+00	4.65E-03	3.24E-04	0.00E+00
5.50E-02	5.74E+00	3.55E-03	5.74E+00	5.49E-03	3.49E-04	0.00E+00
6.00E-02	5.40E+00	3.57E-03	5.40E+00	6.39E-03	3.73E-04	0.00E+00
7.00E-02	4.85E+00	3.60E-03	4.85E+00	8.34E-03	4.20E-04	0.00E+00
8.00E-02	4.43E+00	3.64E-03	4.43E+00	1.05E-02	4.65E-04	0.00E+00
9.00E-02	4.10E+00	3.68E-03	4.10E+00	1.29E-02	5.09E-04	0.00E+00
1.00E-01	3.83E+00	3.72E-03	3.84E+00	1.54E-02	5.51E-04	0.00E+00
1.25E-01	3.35E+00	3.84E-03	3.35E+00	2.24E-02	6.53E-04	0.00E+00
1.50E-01	3.02E+00	3.96E-03	3.02E+00	3.03E-02	7.49E-04	0.00E+00
1.75E-01	2.78E+00	4.09E-03	2.78E+00	3.89E-02	8.41E-04	0.00E+00
2.00E-01	2.60E+00	4.24E-03	2.61E+00	4.82E-02	9.29E-04	0.00E+00
2.50E-01	2.36E+00	4.54E-03	2.36E+00	6.84E-02	1.10E-03	0.00E+00
3.00E-01	2.20E+00	4.87E-03	2.20E+00	9.04E-02	1.26E-03	0.00E+00
3.50E-01	2.08E+00	5.23E-03	2.09E+00	1.14E-01	1.42E-03	0.00E+00
4.00E-01	2.00E+00	5.61E-03	2.01E+00	1.38E-01	1.57E-03	9.28E-03
4.50E-01	1.94E+00	6.01E-03	1.94E+00	1.64E-01	1.72E-03	3.69E-02
5.00E-01	1.89E+00	6.43E-03	1.90E+00	1.90E-01	1.88E-03	6.69E-02
5.50E-01	1.85E+00	6.87E-03	1.86E+00	2.16E-01	2.03E-03	9.87E-02
6.00E-01	1.82E+00	7.32E-03	1.83E+00	2.43E-01	2.18E-03	1.32E-01
7.00E-01	1.78E+00	8.27E-03	1.78E+00	2.99E-01	2.49E-03	2.00E-01
8.00E-01	1.75E+00	9.26E-03	1.76E+00	3.55E-01	2.79E-03	2.69E-01
9.00E-01	1.72E+00	1.03E-02	1.74E+00	4.13E-01	3.11E-03	3.39E-01
1.00E+00	1.71E+00	1.14E-02	1.72E+00	4.71E-01	3.42E-03	4.07E-01
1.25E+00	1.69E+00	1.42E-02	1.71E+00	6.17E-01	4.23E-03	5.73E-01
1.50E+00	1.68E+00	1.73E-02	1.70E+00	7.64E-01	5.07E-03	7.28E-01
1.75E+00	1.68E+00	2.05E-02	1.70E+00	9.10E-01	5.93E-03	8.72E-01
2.00E+00	1.69E+00	2.39E-02	1.71E+00	1.06E+00	6.82E-03	1.01E+00
2.50E+00	1.70E+00	3.09E-02	1.73E+00	1.35E+00	8.64E-03	1.24E+00
3.00E+00	1.71E+00	3.84E-02	1.75E+00	1.64E+00	1.05E-02	1.45E+00
3.50E+00	1.72E+00	4.61E-02	1.77E+00	1.92E+00	1.25E-02	1.64E+00
4.00E+00	1.73E+00	5.41E-02	1.79E+00	2.20E+00	1.44E-02	1.80E+00
4.50E+00	1.75E+00	6.24E-02	1.81E+00	2.48E+00	1.64E-02	1.96E+00
5.00E+00	1.76E+00	7.08E-02	1.83E+00	2.76E+00	1.84E-02	2.09E+00
5.50E+00	1.77E+00	7.94E-02	1.85E+00	3.03E+00	2.05E-02	2.22E+00
6.00E+00	1.78E+00	8.82E-02	1.86E+00	3.30E+00	2.25E-02	2.34E+00
7.00E+00	1.79E+00	1.06E-01	1.90E+00	3.83E+00	2.67E-02	2.55E+00
8.00E+00	1.81E+00	1.25E-01	1.93E+00	4.35E+00	3.09E-02	2.74E+00
9.00E+00	1.82E+00	1.43E-01	1.96E+00	4.86E+00	3.51E-02	2.92E+00
1.00E+01	1.83E+00	1.63E-01	1.99E+00	5.37E+00	3.93E-02	3.07E+00
1.25E+01	1.86E+00	2.12E-01	2.07E+00	6.60E+00	4.99E-02	3.42E+00
1.50E+01	1.87E+00	2.63E-01	2.14E+00	7.79E+00	6.03E-02	3.71E+00
1.75E+01	1.89E+00	3.14E-01	2.20E+00	8.94E+00	7.07E-02	3.97E+00
2.00E+01	1.90E+00	3.67E-01	2.27E+00	1.01E+01	8.09E-02	4.20E+00
2.50E+01	1.92E+00	4.74E-01	2.40E+00	1.22E+01	1.01E-01	4.59E+00
3.00E+01	1.94E+00	5.83E-01	2.52E+00	1.42E+01	1.20E-01	4.93E+00
3.50E+01	1.96E+00	6.93E-01	2.65E+00	1.62E+01	1.38E-01	5.21E+00
4.00E+01	1.97E+00	8.05E-01	2.77E+00	1.80E+01	1.55E-01	5.46E+00
4.50E+01	1.98E+00	9.18E-01	2.89E+00	1.98E+01	1.72E-01	5.69E+00
5.00E+01	1.99E+00	1.03E+00	3.02E+00	2.15E+01	1.87E-01	5.89E+00
5.50E+01	1.99E+00	1.15E+00	3.14E+00	2.31E+01	2.03E-01	6.07E+00
6.00E+01	2.00E+00	1.26E+00	3.26E+00	2.47E+01	2.17E-01	6.24E+00
7.00E+01	2.01E+00	1.49E+00	3.50E+00	2.76E+01	2.44E-01	6.54E+00
8.00E+01	2.03E+00	1.72E+00	3.75E+00	3.04E+01	2.69E-01	6.81E+00
9.00E+01	2.04E+00	1.96E+00	3.99E+00	3.30E+01	2.92E-01	7.04E+00
1.00E+02	2.04E+00	2.19E+00	4.24E+00	3.54E+01	3.13E-01	7.25E+00
1.25E+02	2.06E+00	2.78E+00	4.84E+00	4.09E+01	3.60E-01	7.69E+00
1.50E+02	2.08E+00	3.38E+00	5.45E+00	4.58E+01	4.00E-01	8.05E+00
1.75E+02	2.09E+00	3.98E+00	6.07E+00	5.01E+01	4.34E-01	8.36E+00
2.00E+02	2.10E+00	4.58E+00	6.68E+00	5.40E+01	4.63E-01	8.62E+00
2.50E+02	2.12E+00	5.78E+00	7.90E+00	6.09E+01	5.13E-01	9.07E+00
3.00E+02	2.13E+00	7.00E+00	9.13E+00	6.68E+01	5.52E-01	9.43E+00
3.50E+02	2.15E+00	8.21E+00	1.04E+01	7.19E+01	5.85E-01	9.74E+00
4.00E+02	2.16E+00	9.43E+00	1.16E+01	7.65E+01	6.12E-01	1.00E+01
4.50E+02	2.17E+00	1.07E+01	1.28E+01	8.06E+01	6.36E-01	1.02E+01
5.00E+02	2.17E+00	1.19E+01	1.41E+01	8.43E+01	6.56E-01	1.05E+01
5.50E+02	2.18E+00	1.31E+01	1.53E+01	8.77E+01	6.74E-01	1.06E+01
6.00E+02	2.19E+00	1.43E+01	1.65E+01	9.09E+01	6.89E-01	1.08E+01
7.00E+02	2.20E+00	1.68E+01	1.90E+01	9.65E+01	7.16E-01	1.11E+01
8.00E+02	2.21E+00	1.93E+01	2.15E+01	1.02E+02	7.38E-01	1.14E+01
9.00E+02	2.22E+00	2.17E+01	2.39E+01	1.06E+02	7.56E-01	1.16E+01
1.00E+03	2.23E+00	2.42E+01	2.64E+01	1.10E+02	7.72E-01	1.18E+01