1.00E-02	2.29E+01	3.16E-03	2.30E+01	2.46E-04	7.53E-05	0.00E+00
1.25E-02	1.93E+01	3.17E-03	1.93E+01	3.66E-04	9.05E-05	0.00E+00
1.50E-02	1.67E+01	3.19E-03	1.67E+01	5.06E-04	1.05E-04	0.00E+00
1.75E-02	1.48E+01	3.20E-03	1.48E+01	6.65E-04	1.19E-04	0.00E+00
2.00E-02	1.34E+01	3.21E-03	1.34E+01	8.43E-04	1.33E-04	0.00E+00
2.50E-02	1.12E+01	3.22E-03	1.12E+01	1.25E-03	1.59E-04	0.00E+00
3.00E-02	9.77E+00	3.23E-03	9.77E+00	1.73E-03	1.84E-04	0.00E+00
3.50E-02	8.69E+00	3.25E-03	8.69E+00	2.28E-03	2.08E-04	0.00E+00
4.00E-02	7.86E+00	3.26E-03	7.87E+00	2.88E-03	2.31E-04	0.00E+00
4.50E-02	7.21E+00	3.27E-03	7.21E+00	3.55E-03	2.54E-04	0.00E+00
5.00E-02	6.67E+00	3.29E-03	6.68E+00	4.27E-03	2.76E-04	0.00E+00
5.50E-02	6.23E+00	3.30E-03	6.23E+00	5.04E-03	2.97E-04	0.00E+00
6.00E-02	5.85E+00	3.32E-03	5.86E+00	5.87E-03	3.18E-04	0.00E+00
7.00E-02	5.26E+00	3.35E-03	5.26E+00	7.68E-03	3.59E-04	0.00E+00
8.00E-02	4.80E+00	3.39E-03	4.80E+00	9.67E-03	3.98E-04	0.00E+00
9.00E-02	4.44E+00	3.43E-03	4.44E+00	1.18E-02	4.36E-04	0.00E+00
1.00E-01	4.15E+00	3.47E-03	4.15E+00	1.42E-02	4.72E-04	0.00E+00
1.25E-01	3.62E+00	3.58E-03	3.62E+00	2.06E-02	5.60E-04	0.00E+00
1.50E-01	3.26E+00	3.70E-03	3.27E+00	2.79E-02	6.44E-04	0.00E+00
1.75E-01	3.01E+00	3.82E-03	3.01E+00	3.59E-02	7.23E-04	0.00E+00
2.00E-01	2.81E+00	3.96E-03	2.82E+00	4.45E-02	8.00E-04	0.00E+00
2.50E-01	2.54E+00	4.25E-03	2.55E+00	6.33E-02	9.48E-04	0.00E+00
3.00E-01	2.37E+00	4.56E-03	2.37E+00	8.36E-02	1.09E-03	0.00E+00
3.50E-01	2.25E+00	4.90E-03	2.25E+00	1.05E-01	1.23E-03	0.00E+00
4.00E-01	2.16E+00	5.26E-03	2.16E+00	1.28E-01	1.36E-03	2.97E-02
4.50E-01	2.09E+00	5.64E-03	2.09E+00	1.52E-01	1.50E-03	6.26E-02
5.00E-01	2.03E+00	6.04E-03	2.04E+00	1.76E-01	1.63E-03	9.75E-02
5.50E-01	1.99E+00	6.45E-03	2.00E+00	2.01E-01	1.76E-03	1.34E-01
6.00E-01	1.96E+00	6.88E-03	1.96E+00	2.26E-01	1.90E-03	1.71E-01
7.00E-01	1.91E+00	7.77E-03	1.92E+00	2.77E-01	2.16E-03	2.46E-01
8.00E-01	1.87E+00	8.71E-03	1.88E+00	3.30E-01	2.44E-03	3.22E-01
9.00E-01	1.85E+00	9.69E-03	1.86E+00	3.84E-01	2.71E-03	3.98E-01
1.00E+00	1.83E+00	1.07E-02	1.85E+00	4.38E-01	2.99E-03	4.71E-01
1.25E+00	1.81E+00	1.34E-02	1.83E+00	5.74E-01	3.71E-03	6.47E-01
1.50E+00	1.80E+00	1.63E-02	1.82E+00	7.11E-01	4.45E-03	8.10E-01
1.75E+00	1.80E+00	1.93E-02	1.82E+00	8.49E-01	5.21E-03	9.60E-01
2.00E+00	1.80E+00	2.25E-02	1.83E+00	9.86E-01	5.99E-03	1.10E+00
2.50E+00	1.81E+00	2.92E-02	1.84E+00	1.26E+00	7.61E-03	1.35E+00
3.00E+00	1.83E+00	3.63E-02	1.86E+00	1.53E+00	9.28E-03	1.56E+00
3.50E+00	1.84E+00	4.36E-02	1.88E+00	1.80E+00	1.10E-02	1.75E+00
4.00E+00	1.85E+00	5.12E-02	1.90E+00	2.06E+00	1.28E-02	1.92E+00
4.50E+00	1.86E+00	5.90E-02	1.92E+00	2.32E+00	1.45E-02	2.08E+00
5.00E+00	1.87E+00	6.70E-02	1.94E+00	2.58E+00	1.63E-02	2.22E+00
5.50E+00	1.88E+00	7.51E-02	1.96E+00	2.84E+00	1.82E-02	2.35E+00
6.00E+00	1.89E+00	8.34E-02	1.98E+00	3.09E+00	2.00E-02	2.47E+00
7.00E+00	1.91E+00	1.00E-01	2.01E+00	3.59E+00	2.37E-02	2.69E+00
8.00E+00	1.93E+00	1.18E-01	2.04E+00	4.08E+00	2.75E-02	2.89E+00
9.00E+00	1.94E+00	1.36E-01	2.08E+00	4.57E+00	3.13E-02	3.06E+00
1.00E+01	1.95E+00	1.54E-01	2.11E+00	5.05E+00	3.51E-02	3.23E+00
1.25E+01	1.98E+00	2.01E-01	2.18E+00	6.22E+00	4.46E-02	3.58E+00
1.50E+01	2.00E+00	2.49E-01	2.24E+00	7.35E+00	5.41E-02	3.89E+00
1.75E+01	2.01E+00	2.98E-01	2.31E+00	8.45E+00	6.35E-02	4.15E+00
2.00E+01	2.02E+00	3.48E-01	2.37E+00	9.52E+00	7.28E-02	4.39E+00
2.50E+01	2.05E+00	4.50E-01	2.50E+00	1.16E+01	9.10E-02	4.79E+00
3.00E+01	2.06E+00	5.53E-01	2.62E+00	1.35E+01	1.09E-01	5.13E+00
3.50E+01	2.08E+00	6.58E-01	2.74E+00	1.54E+01	1.25E-01	5.42E+00
4.00E+01	2.09E+00	7.64E-01	2.85E+00	1.72E+01	1.41E-01	5.67E+00
4.50E+01	2.10E+00	8.71E-01	2.97E+00	1.89E+01	1.57E-01	5.90E+00
5.00E+01	2.11E+00	9.79E-01	3.09E+00	2.06E+01	1.72E-01	6.10E+00
5.50E+01	2.12E+00	1.09E+00	3.21E+00	2.21E+01	1.86E-01	6.29E+00
6.00E+01	2.13E+00	1.20E+00	3.32E+00	2.37E+01	2.00E-01	6.46E+00
7.00E+01	2.14E+00	1.42E+00	3.56E+00	2.66E+01	2.25E-01	6.76E+00
8.00E+01	2.15E+00	1.64E+00	3.79E+00	2.93E+01	2.49E-01	7.02E+00
9.00E+01	2.16E+00	1.86E+00	4.02E+00	3.19E+01	2.71E-01	7.25E+00
1.00E+02	2.17E+00	2.08E+00	4.25E+00	3.43E+01	2.92E-01	7.46E+00
1.25E+02	2.19E+00	2.65E+00	4.84E+00	3.98E+01	3.37E-01	7.90E+00
1.50E+02	2.20E+00	3.21E+00	5.42E+00	4.47E+01	3.76E-01	8.27E+00
1.75E+02	2.22E+00	3.78E+00	6.00E+00	4.91E+01	4.10E-01	8.57E+00
2.00E+02	2.23E+00	4.36E+00	6.59E+00	5.30E+01	4.40E-01	8.84E+00
2.50E+02	2.25E+00	5.51E+00	7.76E+00	6.00E+01	4.89E-01	9.28E+00
3.00E+02	2.26E+00	6.67E+00	8.93E+00	6.60E+01	5.29E-01	9.65E+00
3.50E+02	2.28E+00	7.83E+00	1.01E+01	7.13E+01	5.62E-01	9.95E+00
4.00E+02	2.29E+00	8.99E+00	1.13E+01	7.60E+01	5.90E-01	1.02E+01
4.50E+02	2.30E+00	1.02E+01	1.25E+01	8.02E+01	6.14E-01	1.05E+01
5.00E+02	2.31E+00	1.13E+01	1.36E+01	8.40E+01	6.35E-01	1.07E+01
5.50E+02	2.32E+00	1.25E+01	1.48E+01	8.75E+01	6.54E-01	1.09E+01
6.00E+02	2.32E+00	1.37E+01	1.60E+01	9.08E+01	6.70E-01	1.10E+01
7.00E+02	2.34E+00	1.60E+01	1.84E+01	9.66E+01	6.98E-01	1.13E+01
8.00E+02	2.35E+00	1.84E+01	2.07E+01	1.02E+02	7.20E-01	1.16E+01
9.00E+02	2.36E+00	2.07E+01	2.31E+01	1.06E+02	7.40E-01	1.18E+01
1.00E+03	2.37E+00	2.31E+01	2.54E+01	1.11E+02	7.56E-01	1.21E+01