1.00E-02	2.06E+01	3.37E-03	2.06E+01	2.76E-04	9.02E-05	0.00E+00
1.25E-02	1.73E+01	3.38E-03	1.73E+01	4.09E-04	1.08E-04	0.00E+00
1.50E-02	1.50E+01	3.39E-03	1.50E+01	5.64E-04	1.25E-04	0.00E+00
1.75E-02	1.34E+01	3.40E-03	1.34E+01	7.41E-04	1.42E-04	0.00E+00
2.00E-02	1.20E+01	3.40E-03	1.20E+01	9.39E-04	1.57E-04	0.00E+00
2.50E-02	1.01E+01	3.41E-03	1.02E+01	1.39E-03	1.88E-04	0.00E+00
3.00E-02	8.83E+00	3.42E-03	8.83E+00	1.92E-03	2.17E-04	0.00E+00
3.50E-02	7.86E+00	3.43E-03	7.86E+00	2.52E-03	2.45E-04	0.00E+00
4.00E-02	7.12E+00	3.44E-03	7.12E+00	3.19E-03	2.72E-04	0.00E+00
4.50E-02	6.52E+00	3.46E-03	6.53E+00	3.93E-03	2.98E-04	0.00E+00
5.00E-02	6.04E+00	3.47E-03	6.05E+00	4.72E-03	3.23E-04	0.00E+00
5.50E-02	5.64E+00	3.48E-03	5.65E+00	5.58E-03	3.48E-04	0.00E+00
6.00E-02	5.31E+00	3.50E-03	5.31E+00	6.49E-03	3.72E-04	0.00E+00
7.00E-02	4.77E+00	3.53E-03	4.77E+00	8.49E-03	4.19E-04	0.00E+00
8.00E-02	4.36E+00	3.57E-03	4.36E+00	1.07E-02	4.64E-04	0.00E+00
9.00E-02	4.03E+00	3.61E-03	4.04E+00	1.31E-02	5.08E-04	0.00E+00
1.00E-01	3.77E+00	3.65E-03	3.77E+00	1.56E-02	5.50E-04	0.00E+00
1.25E-01	3.29E+00	3.76E-03	3.29E+00	2.28E-02	6.51E-04	0.00E+00
1.50E-01	2.97E+00	3.89E-03	2.97E+00	3.08E-02	7.47E-04	0.00E+00
1.75E-01	2.73E+00	4.02E-03	2.74E+00	3.96E-02	8.39E-04	0.00E+00
2.00E-01	2.56E+00	4.16E-03	2.56E+00	4.90E-02	9.27E-04	0.00E+00
2.50E-01	2.32E+00	4.46E-03	2.32E+00	6.96E-02	1.10E-03	0.00E+00
3.00E-01	2.16E+00	4.78E-03	2.16E+00	9.19E-02	1.26E-03	0.00E+00
3.50E-01	2.05E+00	5.14E-03	2.06E+00	1.16E-01	1.41E-03	0.00E+00
4.00E-01	1.97E+00	5.51E-03	1.97E+00	1.41E-01	1.57E-03	1.30E-02
4.50E-01	1.91E+00	5.90E-03	1.91E+00	1.66E-01	1.72E-03	4.09E-02
5.00E-01	1.86E+00	6.32E-03	1.87E+00	1.93E-01	1.87E-03	7.11E-02
5.50E-01	1.82E+00	6.75E-03	1.83E+00	2.20E-01	2.02E-03	1.03E-01
6.00E-01	1.79E+00	7.19E-03	1.80E+00	2.47E-01	2.18E-03	1.36E-01
7.00E-01	1.75E+00	8.12E-03	1.76E+00	3.04E-01	2.48E-03	2.04E-01
8.00E-01	1.72E+00	9.10E-03	1.73E+00	3.61E-01	2.79E-03	2.73E-01
9.00E-01	1.70E+00	1.01E-02	1.71E+00	4.20E-01	3.10E-03	3.42E-01
1.00E+00	1.68E+00	1.12E-02	1.69E+00	4.78E-01	3.42E-03	4.11E-01
1.25E+00	1.66E+00	1.40E-02	1.68E+00	6.27E-01	4.23E-03	5.75E-01
1.50E+00	1.66E+00	1.70E-02	1.67E+00	7.76E-01	5.06E-03	7.28E-01
1.75E+00	1.66E+00	2.02E-02	1.68E+00	9.25E-01	5.92E-03	8.70E-01
2.00E+00	1.66E+00	2.35E-02	1.68E+00	1.07E+00	6.81E-03	1.00E+00
2.50E+00	1.67E+00	3.04E-02	1.70E+00	1.37E+00	8.63E-03	1.24E+00
3.00E+00	1.68E+00	3.77E-02	1.72E+00	1.66E+00	1.05E-02	1.44E+00
3.50E+00	1.70E+00	4.54E-02	1.74E+00	1.95E+00	1.24E-02	1.62E+00
4.00E+00	1.71E+00	5.32E-02	1.76E+00	2.24E+00	1.44E-02	1.79E+00
4.50E+00	1.72E+00	6.13E-02	1.78E+00	2.52E+00	1.64E-02	1.94E+00
5.00E+00	1.73E+00	6.96E-02	1.80E+00	2.80E+00	1.84E-02	2.07E+00
5.50E+00	1.74E+00	7.81E-02	1.82E+00	3.08E+00	2.04E-02	2.20E+00
6.00E+00	1.75E+00	8.67E-02	1.84E+00	3.35E+00	2.25E-02	2.31E+00
7.00E+00	1.77E+00	1.04E-01	1.87E+00	3.89E+00	2.66E-02	2.53E+00
8.00E+00	1.78E+00	1.23E-01	1.90E+00	4.42E+00	3.08E-02	2.72E+00
9.00E+00	1.79E+00	1.41E-01	1.93E+00	4.94E+00	3.50E-02	2.89E+00
1.00E+01	1.80E+00	1.60E-01	1.96E+00	5.45E+00	3.92E-02	3.04E+00
1.25E+01	1.83E+00	2.08E-01	2.04E+00	6.70E+00	4.98E-02	3.39E+00
1.50E+01	1.85E+00	2.58E-01	2.11E+00	7.91E+00	6.02E-02	3.68E+00
1.75E+01	1.86E+00	3.09E-01	2.17E+00	9.08E+00	7.06E-02	3.94E+00
2.00E+01	1.88E+00	3.61E-01	2.24E+00	1.02E+01	8.07E-02	4.17E+00
2.50E+01	1.90E+00	4.66E-01	2.36E+00	1.24E+01	1.01E-01	4.56E+00
3.00E+01	1.91E+00	5.74E-01	2.49E+00	1.45E+01	1.20E-01	4.90E+00
3.50E+01	1.93E+00	6.82E-01	2.61E+00	1.64E+01	1.38E-01	5.18E+00
4.00E+01	1.94E+00	7.92E-01	2.73E+00	1.83E+01	1.55E-01	5.44E+00
4.50E+01	1.95E+00	9.03E-01	2.85E+00	2.01E+01	1.71E-01	5.66E+00
5.00E+01	1.96E+00	1.02E+00	2.97E+00	2.18E+01	1.87E-01	5.86E+00
5.50E+01	1.97E+00	1.13E+00	3.09E+00	2.35E+01	2.02E-01	6.05E+00
6.00E+01	1.97E+00	1.24E+00	3.21E+00	2.50E+01	2.17E-01	6.22E+00
7.00E+01	1.98E+00	1.47E+00	3.45E+00	2.80E+01	2.44E-01	6.52E+00
8.00E+01	2.00E+00	1.70E+00	3.69E+00	3.08E+01	2.69E-01	6.78E+00
9.00E+01	2.01E+00	1.93E+00	3.93E+00	3.35E+01	2.92E-01	7.01E+00
1.00E+02	2.01E+00	2.16E+00	4.17E+00	3.59E+01	3.13E-01	7.22E+00
1.25E+02	2.03E+00	2.74E+00	4.77E+00	4.15E+01	3.60E-01	7.66E+00
1.50E+02	2.05E+00	3.33E+00	5.37E+00	4.65E+01	3.99E-01	8.02E+00
1.75E+02	2.06E+00	3.91E+00	5.97E+00	5.09E+01	4.33E-01	8.33E+00
2.00E+02	2.07E+00	4.51E+00	6.57E+00	5.49E+01	4.63E-01	8.60E+00
2.50E+02	2.09E+00	5.70E+00	7.78E+00	6.19E+01	5.12E-01	9.04E+00
3.00E+02	2.10E+00	6.89E+00	8.99E+00	6.78E+01	5.52E-01	9.41E+00
3.50E+02	2.11E+00	8.09E+00	1.02E+01	7.30E+01	5.85E-01	9.71E+00
4.00E+02	2.12E+00	9.29E+00	1.14E+01	7.77E+01	6.12E-01	9.98E+00
4.50E+02	2.13E+00	1.05E+01	1.26E+01	8.18E+01	6.35E-01	1.02E+01
5.00E+02	2.14E+00	1.17E+01	1.38E+01	8.56E+01	6.56E-01	1.04E+01
5.50E+02	2.15E+00	1.29E+01	1.51E+01	8.91E+01	6.74E-01	1.06E+01
6.00E+02	2.16E+00	1.41E+01	1.63E+01	9.23E+01	6.89E-01	1.08E+01
7.00E+02	2.17E+00	1.65E+01	1.87E+01	9.80E+01	7.16E-01	1.11E+01
8.00E+02	2.18E+00	1.90E+01	2.11E+01	1.03E+02	7.38E-01	1.14E+01
9.00E+02	2.19E+00	2.14E+01	2.36E+01	1.08E+02	7.56E-01	1.16E+01
1.00E+03	2.20E+00	2.38E+01	2.60E+01	1.12E+02	7.72E-01	1.18E+01