1.00E-02	1.13E+01	1.63E-02	1.13E+01	5.58E-04	7.23E-04	1.13E-03
1.25E-02	9.69E+00	1.75E-02	9.70E+00	7.98E-04	9.04E-04	1.45E-03
1.50E-02	8.56E+00	1.85E-02	8.57E+00	1.07E-03	1.08E-03	1.78E-03
1.75E-02	7.70E+00	1.93E-02	7.72E+00	1.38E-03	1.26E-03	2.14E-03
2.00E-02	7.02E+00	1.99E-02	7.04E+00	1.72E-03	1.44E-03	2.51E-03
2.50E-02	6.01E+00	2.10E-02	6.03E+00	2.49E-03	1.78E-03	3.31E-03
3.00E-02	5.30E+00	2.18E-02	5.32E+00	3.38E-03	2.12E-03	4.20E-03
3.50E-02	4.76E+00	2.25E-02	4.79E+00	4.37E-03	2.44E-03	5.19E-03
4.00E-02	4.35E+00	2.31E-02	4.37E+00	5.46E-03	2.76E-03	6.28E-03
4.50E-02	4.01E+00	2.37E-02	4.04E+00	6.66E-03	3.08E-03	7.50E-03
5.00E-02	3.74E+00	2.41E-02	3.76E+00	7.94E-03	3.38E-03	8.84E-03
5.50E-02	3.51E+00	2.46E-02	3.53E+00	9.31E-03	3.68E-03	1.03E-02
6.00E-02	3.31E+00	2.50E-02	3.34E+00	1.08E-02	3.98E-03	1.20E-02
7.00E-02	3.00E+00	2.57E-02	3.02E+00	1.39E-02	4.55E-03	1.57E-02
8.00E-02	2.76E+00	2.63E-02	2.78E+00	1.74E-02	5.11E-03	2.02E-02
9.00E-02	2.56E+00	2.69E-02	2.59E+00	2.11E-02	5.64E-03	2.54E-02
1.00E-01	2.41E+00	2.75E-02	2.43E+00	2.51E-02	6.16E-03	3.13E-02
1.25E-01	2.12E+00	2.88E-02	2.15E+00	3.61E-02	7.40E-03	4.75E-02
1.50E-01	1.92E+00	2.99E-02	1.95E+00	4.83E-02	8.56E-03	6.45E-02
1.75E-01	1.78E+00	3.10E-02	1.81E+00	6.17E-02	9.66E-03	8.11E-02
2.00E-01	1.67E+00	3.20E-02	1.70E+00	7.59E-02	1.07E-02	9.70E-02
2.50E-01	1.52E+00	3.41E-02	1.56E+00	1.07E-01	1.26E-02	1.27E-01
3.00E-01	1.42E+00	3.63E-02	1.46E+00	1.40E-01	1.44E-02	1.55E-01
3.50E-01	1.36E+00	3.85E-02	1.40E+00	1.75E-01	1.61E-02	1.82E-01
4.00E-01	1.31E+00	4.09E-02	1.35E+00	2.12E-01	1.77E-02	2.07E-01
4.50E-01	1.27E+00	4.33E-02	1.32E+00	2.49E-01	1.93E-02	2.32E-01
5.00E-01	1.24E+00	4.58E-02	1.29E+00	2.88E-01	2.08E-02	2.55E-01
5.50E-01	1.22E+00	4.84E-02	1.27E+00	3.27E-01	2.22E-02	2.78E-01
6.00E-01	1.21E+00	5.11E-02	1.26E+00	3.66E-01	2.37E-02	3.01E-01
7.00E-01	1.18E+00	5.66E-02	1.24E+00	4.46E-01	2.64E-02	3.44E-01
8.00E-01	1.17E+00	6.23E-02	1.23E+00	5.27E-01	2.91E-02	3.85E-01
9.00E-01	1.16E+00	6.83E-02	1.23E+00	6.08E-01	3.18E-02	4.25E-01
1.00E+00	1.16E+00	7.44E-02	1.23E+00	6.90E-01	3.44E-02	4.63E-01
1.25E+00	1.16E+00	9.04E-02	1.25E+00	8.92E-01	4.08E-02	5.52E-01
1.50E+00	1.16E+00	1.07E-01	1.27E+00	1.09E+00	4.71E-02	6.35E-01
1.75E+00	1.17E+00	1.25E-01	1.29E+00	1.29E+00	5.33E-02	7.12E-01
2.00E+00	1.18E+00	1.43E-01	1.32E+00	1.48E+00	5.94E-02	7.84E-01
2.50E+00	1.20E+00	1.80E-01	1.38E+00	1.85E+00	7.14E-02	9.16E-01
3.00E+00	1.22E+00	2.19E-01	1.43E+00	2.20E+00	8.32E-02	1.04E+00
3.50E+00	1.23E+00	2.59E-01	1.49E+00	2.55E+00	9.46E-02	1.14E+00
4.00E+00	1.25E+00	3.00E-01	1.55E+00	2.87E+00	1.06E-01	1.24E+00
4.50E+00	1.26E+00	3.41E-01	1.60E+00	3.19E+00	1.17E-01	1.34E+00
5.00E+00	1.27E+00	3.83E-01	1.66E+00	3.50E+00	1.27E-01	1.43E+00
5.50E+00	1.29E+00	4.26E-01	1.71E+00	3.80E+00	1.37E-01	1.51E+00
6.00E+00	1.30E+00	4.70E-01	1.77E+00	4.08E+00	1.47E-01	1.59E+00
7.00E+00	1.32E+00	5.58E-01	1.87E+00	4.63E+00	1.67E-01	1.74E+00
8.00E+00	1.33E+00	6.47E-01	1.98E+00	5.15E+00	1.85E-01	1.87E+00
9.00E+00	1.35E+00	7.38E-01	2.08E+00	5.65E+00	2.02E-01	2.00E+00
1.00E+01	1.36E+00	8.31E-01	2.19E+00	6.11E+00	2.19E-01	2.12E+00
1.25E+01	1.38E+00	1.07E+00	2.45E+00	7.19E+00	2.57E-01	2.39E+00
1.50E+01	1.40E+00	1.30E+00	2.71E+00	8.16E+00	2.90E-01	2.63E+00
1.75E+01	1.42E+00	1.55E+00	2.97E+00	9.05E+00	3.21E-01	2.84E+00
2.00E+01	1.43E+00	1.79E+00	3.23E+00	9.85E+00	3.48E-01	3.03E+00
2.50E+01	1.46E+00	2.29E+00	3.75E+00	1.13E+01	3.95E-01	3.36E+00
3.00E+01	1.47E+00	2.80E+00	4.27E+00	1.25E+01	4.35E-01	3.64E+00
3.50E+01	1.49E+00	3.31E+00	4.80E+00	1.36E+01	4.69E-01	3.88E+00
4.00E+01	1.50E+00	3.83E+00	5.33E+00	1.46E+01	4.99E-01	4.09E+00
4.50E+01	1.51E+00	4.35E+00	5.86E+00	1.55E+01	5.25E-01	4.29E+00
5.00E+01	1.52E+00	4.88E+00	6.40E+00	1.63E+01	5.47E-01	4.46E+00
5.50E+01	1.53E+00	5.40E+00	6.93E+00	1.71E+01	5.68E-01	4.62E+00
6.00E+01	1.54E+00	5.93E+00	7.47E+00	1.78E+01	5.86E-01	4.77E+00
7.00E+01	1.55E+00	7.00E+00	8.54E+00	1.90E+01	6.18E-01	5.04E+00
8.00E+01	1.56E+00	8.07E+00	9.62E+00	2.01E+01	6.44E-01	5.27E+00
9.00E+01	1.57E+00	9.14E+00	1.07E+01	2.11E+01	6.66E-01	5.48E+00
1.00E+02	1.58E+00	1.02E+01	1.18E+01	2.20E+01	6.86E-01	5.68E+00
1.25E+02	1.59E+00	1.29E+01	1.45E+01	2.39E+01	7.25E-01	6.08E+00
1.50E+02	1.61E+00	1.57E+01	1.73E+01	2.55E+01	7.54E-01	6.42E+00
1.75E+02	1.62E+00	1.84E+01	2.00E+01	2.68E+01	7.76E-01	6.71E+00
2.00E+02	1.63E+00	2.11E+01	2.28E+01	2.80E+01	7.95E-01	6.97E+00
2.50E+02	1.65E+00	2.66E+01	2.83E+01	3.00E+01	8.23E-01	7.39E+00
3.00E+02	1.66E+00	3.21E+01	3.38E+01	3.16E+01	8.44E-01	7.74E+00
3.50E+02	1.67E+00	3.76E+01	3.93E+01	3.30E+01	8.59E-01	8.04E+00
4.00E+02	1.68E+00	4.32E+01	4.48E+01	3.42E+01	8.72E-01	8.30E+00
4.50E+02	1.69E+00	4.87E+01	5.04E+01	3.52E+01	8.82E-01	8.53E+00
5.00E+02	1.70E+00	5.42E+01	5.59E+01	3.62E+01	8.91E-01	8.74E+00
5.50E+02	1.70E+00	5.98E+01	6.15E+01	3.70E+01	8.98E-01	8.92E+00
6.00E+02	1.71E+00	6.53E+01	6.70E+01	3.78E+01	9.04E-01	9.09E+00
7.00E+02	1.72E+00	7.64E+01	7.81E+01	3.92E+01	9.15E-01	9.40E+00
8.00E+02	1.73E+00	8.75E+01	8.92E+01	4.04E+01	9.23E-01	9.66E+00
9.00E+02	1.74E+00	9.86E+01	1.00E+02	4.14E+01	9.29E-01	9.89E+00
1.00E+03	1.74E+00	1.10E+02	1.12E+02	4.24E+01	9.35E-01	1.01E+01