1.00E-02	2.01E+01	3.15E-03	2.01E+01	2.82E-04	8.67E-05	1.92E-03
1.25E-02	1.69E+01	3.16E-03	1.70E+01	4.18E-04	1.04E-04	2.48E-03
1.50E-02	1.47E+01	3.17E-03	1.47E+01	5.77E-04	1.20E-04	3.07E-03
1.75E-02	1.31E+01	3.17E-03	1.31E+01	7.58E-04	1.36E-04	3.70E-03
2.00E-02	1.18E+01	3.18E-03	1.18E+01	9.60E-04	1.51E-04	4.35E-03
2.50E-02	9.91E+00	3.18E-03	9.92E+00	1.42E-03	1.80E-04	5.74E-03
3.00E-02	8.63E+00	3.19E-03	8.63E+00	1.97E-03	2.07E-04	7.24E-03
3.50E-02	7.68E+00	3.20E-03	7.68E+00	2.58E-03	2.34E-04	8.84E-03
4.00E-02	6.95E+00	3.22E-03	6.95E+00	3.27E-03	2.60E-04	1.06E-02
4.50E-02	6.37E+00	3.23E-03	6.38E+00	4.02E-03	2.85E-04	1.24E-02
5.00E-02	5.90E+00	3.24E-03	5.90E+00	4.84E-03	3.09E-04	1.43E-02
5.50E-02	5.51E+00	3.26E-03	5.51E+00	5.71E-03	3.33E-04	1.62E-02
6.00E-02	5.18E+00	3.27E-03	5.18E+00	6.65E-03	3.56E-04	1.83E-02
7.00E-02	4.65E+00	3.30E-03	4.66E+00	8.69E-03	4.01E-04	2.27E-02
8.00E-02	4.25E+00	3.34E-03	4.25E+00	1.09E-02	4.44E-04	2.74E-02
9.00E-02	3.93E+00	3.38E-03	3.94E+00	1.34E-02	4.86E-04	3.24E-02
1.00E-01	3.67E+00	3.41E-03	3.68E+00	1.60E-02	5.27E-04	3.76E-02
1.25E-01	3.20E+00	3.52E-03	3.21E+00	2.33E-02	6.24E-04	5.17E-02
1.50E-01	2.89E+00	3.64E-03	2.89E+00	3.16E-02	7.17E-04	6.69E-02
1.75E-01	2.66E+00	3.76E-03	2.66E+00	4.06E-02	8.06E-04	8.32E-02
2.00E-01	2.49E+00	3.90E-03	2.49E+00	5.03E-02	8.91E-04	1.00E-01
2.50E-01	2.25E+00	4.18E-03	2.25E+00	7.15E-02	1.06E-03	1.36E-01
3.00E-01	2.09E+00	4.49E-03	2.09E+00	9.46E-02	1.21E-03	1.74E-01
3.50E-01	1.98E+00	4.82E-03	1.98E+00	1.19E-01	1.37E-03	2.13E-01
4.00E-01	1.90E+00	5.17E-03	1.90E+00	1.45E-01	1.52E-03	2.52E-01
4.50E-01	1.84E+00	5.55E-03	1.84E+00	1.72E-01	1.67E-03	2.92E-01
5.00E-01	1.79E+00	5.94E-03	1.79E+00	1.99E-01	1.82E-03	3.32E-01
5.50E-01	1.75E+00	6.34E-03	1.76E+00	2.27E-01	1.97E-03	3.72E-01
6.00E-01	1.72E+00	6.76E-03	1.73E+00	2.56E-01	2.12E-03	4.11E-01
7.00E-01	1.68E+00	7.64E-03	1.69E+00	3.15E-01	2.42E-03	4.89E-01
8.00E-01	1.65E+00	8.56E-03	1.66E+00	3.75E-01	2.72E-03	5.65E-01
9.00E-01	1.63E+00	9.52E-03	1.64E+00	4.35E-01	3.03E-03	6.38E-01
1.00E+00	1.62E+00	1.05E-02	1.63E+00	4.96E-01	3.34E-03	7.09E-01
1.25E+00	1.60E+00	1.32E-02	1.61E+00	6.51E-01	4.13E-03	8.76E-01
1.50E+00	1.59E+00	1.60E-02	1.61E+00	8.06E-01	4.95E-03	1.03E+00
1.75E+00	1.59E+00	1.90E-02	1.61E+00	9.61E-01	5.80E-03	1.17E+00
2.00E+00	1.60E+00	2.21E-02	1.62E+00	1.12E+00	6.67E-03	1.30E+00
2.50E+00	1.61E+00	2.87E-02	1.64E+00	1.42E+00	8.45E-03	1.52E+00
3.00E+00	1.62E+00	3.56E-02	1.66E+00	1.73E+00	1.03E-02	1.72E+00
3.50E+00	1.63E+00	4.28E-02	1.68E+00	2.03E+00	1.22E-02	1.89E+00
4.00E+00	1.65E+00	5.03E-02	1.70E+00	2.32E+00	1.41E-02	2.05E+00
4.50E+00	1.66E+00	5.79E-02	1.72E+00	2.62E+00	1.61E-02	2.19E+00
5.00E+00	1.67E+00	6.58E-02	1.74E+00	2.91E+00	1.80E-02	2.32E+00
5.50E+00	1.68E+00	7.38E-02	1.75E+00	3.19E+00	2.00E-02	2.44E+00
6.00E+00	1.69E+00	8.19E-02	1.77E+00	3.48E+00	2.20E-02	2.56E+00
7.00E+00	1.71E+00	9.87E-02	1.80E+00	4.04E+00	2.61E-02	2.76E+00
8.00E+00	1.72E+00	1.16E-01	1.84E+00	4.59E+00	3.02E-02	2.94E+00
9.00E+00	1.73E+00	1.33E-01	1.87E+00	5.13E+00	3.43E-02	3.10E+00
1.00E+01	1.75E+00	1.51E-01	1.90E+00	5.66E+00	3.85E-02	3.26E+00
1.25E+01	1.77E+00	1.97E-01	1.97E+00	6.95E+00	4.88E-02	3.59E+00
1.50E+01	1.79E+00	2.44E-01	2.03E+00	8.20E+00	5.90E-02	3.88E+00
1.75E+01	1.80E+00	2.93E-01	2.10E+00	9.41E+00	6.92E-02	4.13E+00
2.00E+01	1.82E+00	3.42E-01	2.16E+00	1.06E+01	7.92E-02	4.36E+00
2.50E+01	1.84E+00	4.42E-01	2.28E+00	1.28E+01	9.86E-02	4.76E+00
3.00E+01	1.85E+00	5.44E-01	2.40E+00	1.50E+01	1.17E-01	5.09E+00
3.50E+01	1.87E+00	6.47E-01	2.51E+00	1.70E+01	1.35E-01	5.38E+00
4.00E+01	1.88E+00	7.51E-01	2.63E+00	1.90E+01	1.52E-01	5.63E+00
4.50E+01	1.89E+00	8.56E-01	2.74E+00	2.08E+01	1.69E-01	5.85E+00
5.00E+01	1.90E+00	9.62E-01	2.86E+00	2.26E+01	1.84E-01	6.06E+00
5.50E+01	1.90E+00	1.07E+00	2.97E+00	2.43E+01	1.99E-01	6.24E+00
6.00E+01	1.91E+00	1.18E+00	3.09E+00	2.60E+01	2.13E-01	6.41E+00
7.00E+01	1.92E+00	1.39E+00	3.31E+00	2.91E+01	2.40E-01	6.71E+00
8.00E+01	1.93E+00	1.61E+00	3.54E+00	3.20E+01	2.65E-01	6.97E+00
9.00E+01	1.94E+00	1.83E+00	3.77E+00	3.48E+01	2.88E-01	7.21E+00
1.00E+02	1.95E+00	2.05E+00	4.00E+00	3.74E+01	3.09E-01	7.42E+00
1.25E+02	1.97E+00	2.60E+00	4.57E+00	4.32E+01	3.55E-01	7.86E+00
1.50E+02	1.98E+00	3.16E+00	5.14E+00	4.84E+01	3.95E-01	8.22E+00
1.75E+02	1.99E+00	3.71E+00	5.71E+00	5.30E+01	4.29E-01	8.53E+00
2.00E+02	2.00E+00	4.28E+00	6.28E+00	5.71E+01	4.59E-01	8.79E+00
2.50E+02	2.02E+00	5.41E+00	7.43E+00	6.45E+01	5.08E-01	9.24E+00
3.00E+02	2.04E+00	6.54E+00	8.58E+00	7.07E+01	5.48E-01	9.60E+00
3.50E+02	2.05E+00	7.68E+00	9.73E+00	7.62E+01	5.80E-01	9.91E+00
4.00E+02	2.06E+00	8.82E+00	1.09E+01	8.11E+01	6.08E-01	1.02E+01
4.50E+02	2.07E+00	9.96E+00	1.20E+01	8.54E+01	6.31E-01	1.04E+01
5.00E+02	2.07E+00	1.11E+01	1.32E+01	8.94E+01	6.52E-01	1.06E+01
5.50E+02	2.08E+00	1.23E+01	1.43E+01	9.30E+01	6.70E-01	1.08E+01
6.00E+02	2.09E+00	1.34E+01	1.55E+01	9.64E+01	6.86E-01	1.10E+01
7.00E+02	2.10E+00	1.57E+01	1.78E+01	1.02E+02	7.13E-01	1.13E+01
8.00E+02	2.11E+00	1.80E+01	2.01E+01	1.08E+02	7.35E-01	1.16E+01
9.00E+02	2.12E+00	2.03E+01	2.24E+01	1.12E+02	7.53E-01	1.18E+01
1.00E+03	2.13E+00	2.26E+01	2.48E+01	1.17E+02	7.69E-01	1.20E+01