1.00E-02	2.00E+01	3.15E-03	2.00E+01	2.85E-04	8.74E-05	2.14E-03
1.25E-02	1.68E+01	3.16E-03	1.68E+01	4.21E-04	1.05E-04	2.76E-03
1.50E-02	1.46E+01	3.17E-03	1.46E+01	5.81E-04	1.21E-04	3.41E-03
1.75E-02	1.30E+01	3.17E-03	1.30E+01	7.63E-04	1.37E-04	4.09E-03
2.00E-02	1.17E+01	3.18E-03	1.17E+01	9.67E-04	1.52E-04	4.80E-03
2.50E-02	9.85E+00	3.18E-03	9.85E+00	1.44E-03	1.81E-04	6.31E-03
3.00E-02	8.57E+00	3.19E-03	8.58E+00	1.98E-03	2.09E-04	7.93E-03
3.50E-02	7.63E+00	3.20E-03	7.64E+00	2.60E-03	2.36E-04	9.66E-03
4.00E-02	6.91E+00	3.22E-03	6.91E+00	3.29E-03	2.61E-04	1.15E-02
4.50E-02	6.33E+00	3.23E-03	6.34E+00	4.05E-03	2.87E-04	1.34E-02
5.00E-02	5.87E+00	3.24E-03	5.87E+00	4.87E-03	3.11E-04	1.54E-02
5.50E-02	5.48E+00	3.26E-03	5.48E+00	5.75E-03	3.35E-04	1.76E-02
6.00E-02	5.15E+00	3.27E-03	5.15E+00	6.69E-03	3.58E-04	1.98E-02
7.00E-02	4.63E+00	3.30E-03	4.63E+00	8.74E-03	4.03E-04	2.44E-02
8.00E-02	4.23E+00	3.34E-03	4.23E+00	1.10E-02	4.47E-04	2.94E-02
9.00E-02	3.91E+00	3.38E-03	3.91E+00	1.35E-02	4.89E-04	3.46E-02
1.00E-01	3.65E+00	3.41E-03	3.66E+00	1.61E-02	5.30E-04	4.02E-02
1.25E-01	3.19E+00	3.52E-03	3.19E+00	2.35E-02	6.28E-04	5.50E-02
1.50E-01	2.87E+00	3.64E-03	2.87E+00	3.17E-02	7.21E-04	7.10E-02
1.75E-01	2.64E+00	3.76E-03	2.65E+00	4.08E-02	8.10E-04	8.81E-02
2.00E-01	2.47E+00	3.90E-03	2.48E+00	5.06E-02	8.96E-04	1.06E-01
2.50E-01	2.23E+00	4.18E-03	2.24E+00	7.19E-02	1.06E-03	1.44E-01
3.00E-01	2.08E+00	4.49E-03	2.08E+00	9.51E-02	1.22E-03	1.83E-01
3.50E-01	1.97E+00	4.82E-03	1.97E+00	1.20E-01	1.37E-03	2.24E-01
4.00E-01	1.89E+00	5.17E-03	1.89E+00	1.46E-01	1.53E-03	2.65E-01
4.50E-01	1.83E+00	5.55E-03	1.83E+00	1.73E-01	1.68E-03	3.07E-01
5.00E-01	1.78E+00	5.94E-03	1.79E+00	2.00E-01	1.83E-03	3.48E-01
5.50E-01	1.74E+00	6.34E-03	1.75E+00	2.29E-01	1.98E-03	3.89E-01
6.00E-01	1.71E+00	6.76E-03	1.72E+00	2.58E-01	2.13E-03	4.30E-01
7.00E-01	1.67E+00	7.64E-03	1.68E+00	3.16E-01	2.43E-03	5.10E-01
8.00E-01	1.64E+00	8.56E-03	1.65E+00	3.77E-01	2.73E-03	5.88E-01
9.00E-01	1.62E+00	9.52E-03	1.63E+00	4.38E-01	3.04E-03	6.64E-01
1.00E+00	1.61E+00	1.05E-02	1.62E+00	4.99E-01	3.36E-03	7.36E-01
1.25E+00	1.59E+00	1.32E-02	1.60E+00	6.54E-01	4.16E-03	9.06E-01
1.50E+00	1.58E+00	1.60E-02	1.60E+00	8.11E-01	4.98E-03	1.06E+00
1.75E+00	1.59E+00	1.90E-02	1.60E+00	9.67E-01	5.83E-03	1.20E+00
2.00E+00	1.59E+00	2.21E-02	1.61E+00	1.12E+00	6.70E-03	1.33E+00
2.50E+00	1.60E+00	2.87E-02	1.63E+00	1.43E+00	8.50E-03	1.56E+00
3.00E+00	1.61E+00	3.56E-02	1.65E+00	1.74E+00	1.04E-02	1.76E+00
3.50E+00	1.63E+00	4.28E-02	1.67E+00	2.04E+00	1.23E-02	1.94E+00
4.00E+00	1.64E+00	5.03E-02	1.69E+00	2.34E+00	1.42E-02	2.09E+00
4.50E+00	1.65E+00	5.79E-02	1.71E+00	2.63E+00	1.62E-02	2.24E+00
5.00E+00	1.66E+00	6.58E-02	1.73E+00	2.92E+00	1.81E-02	2.37E+00
5.50E+00	1.67E+00	7.38E-02	1.74E+00	3.21E+00	2.01E-02	2.49E+00
6.00E+00	1.68E+00	8.19E-02	1.76E+00	3.50E+00	2.22E-02	2.60E+00
7.00E+00	1.70E+00	9.87E-02	1.80E+00	4.06E+00	2.63E-02	2.81E+00
8.00E+00	1.71E+00	1.16E-01	1.83E+00	4.61E+00	3.04E-02	2.99E+00
9.00E+00	1.72E+00	1.33E-01	1.86E+00	5.15E+00	3.45E-02	3.16E+00
1.00E+01	1.74E+00	1.51E-01	1.89E+00	5.69E+00	3.87E-02	3.31E+00
1.25E+01	1.76E+00	1.97E-01	1.96E+00	6.99E+00	4.90E-02	3.65E+00
1.50E+01	1.78E+00	2.44E-01	2.02E+00	8.25E+00	5.94E-02	3.95E+00
1.75E+01	1.79E+00	2.93E-01	2.08E+00	9.47E+00	6.96E-02	4.20E+00
2.00E+01	1.80E+00	3.42E-01	2.15E+00	1.07E+01	7.96E-02	4.43E+00
2.50E+01	1.82E+00	4.42E-01	2.27E+00	1.29E+01	9.91E-02	4.83E+00
3.00E+01	1.84E+00	5.44E-01	2.38E+00	1.51E+01	1.18E-01	5.17E+00
3.50E+01	1.85E+00	6.47E-01	2.50E+00	1.71E+01	1.36E-01	5.46E+00
4.00E+01	1.87E+00	7.51E-01	2.62E+00	1.91E+01	1.53E-01	5.71E+00
4.50E+01	1.87E+00	8.56E-01	2.73E+00	2.09E+01	1.69E-01	5.94E+00
5.00E+01	1.88E+00	9.62E-01	2.84E+00	2.27E+01	1.85E-01	6.14E+00
5.50E+01	1.89E+00	1.07E+00	2.96E+00	2.45E+01	2.00E-01	6.33E+00
6.00E+01	1.90E+00	1.18E+00	3.07E+00	2.61E+01	2.14E-01	6.50E+00
7.00E+01	1.91E+00	1.39E+00	3.30E+00	2.93E+01	2.41E-01	6.80E+00
8.00E+01	1.92E+00	1.61E+00	3.53E+00	3.22E+01	2.66E-01	7.06E+00
9.00E+01	1.93E+00	1.83E+00	3.76E+00	3.49E+01	2.89E-01	7.29E+00
1.00E+02	1.94E+00	2.05E+00	3.98E+00	3.75E+01	3.10E-01	7.50E+00
1.25E+02	1.96E+00	2.60E+00	4.55E+00	4.34E+01	3.57E-01	7.94E+00
1.50E+02	1.97E+00	3.16E+00	5.12E+00	4.86E+01	3.96E-01	8.31E+00
1.75E+02	1.98E+00	3.71E+00	5.70E+00	5.32E+01	4.30E-01	8.61E+00
2.00E+02	1.99E+00	4.28E+00	6.27E+00	5.74E+01	4.60E-01	8.88E+00
2.50E+02	2.01E+00	5.41E+00	7.41E+00	6.47E+01	5.09E-01	9.32E+00
3.00E+02	2.02E+00	6.54E+00	8.56E+00	7.10E+01	5.49E-01	9.69E+00
3.50E+02	2.03E+00	7.68E+00	9.71E+00	7.64E+01	5.82E-01	9.99E+00
4.00E+02	2.05E+00	8.82E+00	1.09E+01	8.13E+01	6.09E-01	1.03E+01
4.50E+02	2.05E+00	9.96E+00	1.20E+01	8.57E+01	6.33E-01	1.05E+01
5.00E+02	2.06E+00	1.11E+01	1.32E+01	8.97E+01	6.53E-01	1.07E+01
5.50E+02	2.07E+00	1.23E+01	1.43E+01	9.33E+01	6.71E-01	1.09E+01
6.00E+02	2.08E+00	1.34E+01	1.55E+01	9.66E+01	6.87E-01	1.11E+01
7.00E+02	2.09E+00	1.57E+01	1.78E+01	1.03E+02	7.14E-01	1.14E+01
8.00E+02	2.10E+00	1.80E+01	2.01E+01	1.08E+02	7.36E-01	1.17E+01
9.00E+02	2.11E+00	2.03E+01	2.24E+01	1.13E+02	7.54E-01	1.19E+01
1.00E+03	2.12E+00	2.26E+01	2.47E+01	1.17E+02	7.70E-01	1.21E+01