1.00E-02	1.17E+01	1.52E-02	1.17E+01	5.32E-04	6.53E-04	7.95E-04
1.25E-02	1.00E+01	1.63E-02	1.00E+01	7.64E-04	8.15E-04	1.03E-03
1.50E-02	8.84E+00	1.71E-02	8.86E+00	1.03E-03	9.75E-04	1.28E-03
1.75E-02	7.95E+00	1.78E-02	7.96E+00	1.33E-03	1.13E-03	1.54E-03
2.00E-02	7.24E+00	1.83E-02	7.26E+00	1.66E-03	1.29E-03	1.81E-03
2.50E-02	6.19E+00	1.92E-02	6.21E+00	2.40E-03	1.59E-03	2.39E-03
3.00E-02	5.45E+00	1.99E-02	5.47E+00	3.26E-03	1.89E-03	3.02E-03
3.50E-02	4.90E+00	2.05E-02	4.92E+00	4.23E-03	2.18E-03	3.69E-03
4.00E-02	4.47E+00	2.10E-02	4.49E+00	5.30E-03	2.46E-03	4.41E-03
4.50E-02	4.12E+00	2.14E-02	4.14E+00	6.46E-03	2.73E-03	5.17E-03
5.00E-02	3.84E+00	2.18E-02	3.86E+00	7.71E-03	3.00E-03	5.97E-03
5.50E-02	3.60E+00	2.22E-02	3.62E+00	9.05E-03	3.26E-03	6.81E-03
6.00E-02	3.40E+00	2.25E-02	3.42E+00	1.05E-02	3.52E-03	7.68E-03
7.00E-02	3.08E+00	2.31E-02	3.10E+00	1.35E-02	4.02E-03	9.54E-03
8.00E-02	2.83E+00	2.36E-02	2.85E+00	1.69E-02	4.50E-03	1.15E-02
9.00E-02	2.63E+00	2.40E-02	2.65E+00	2.06E-02	4.96E-03	1.36E-02
1.00E-01	2.47E+00	2.45E-02	2.49E+00	2.45E-02	5.41E-03	1.58E-02
1.25E-01	2.17E+00	2.55E-02	2.20E+00	3.52E-02	6.47E-03	2.18E-02
1.50E-01	1.97E+00	2.65E-02	2.00E+00	4.71E-02	7.47E-03	2.83E-02
1.75E-01	1.83E+00	2.74E-02	1.85E+00	6.02E-02	8.41E-03	3.52E-02
2.00E-01	1.72E+00	2.83E-02	1.74E+00	7.41E-02	9.29E-03	4.25E-02
2.50E-01	1.56E+00	3.01E-02	1.59E+00	1.04E-01	1.10E-02	5.80E-02
3.00E-01	1.46E+00	3.19E-02	1.50E+00	1.37E-01	1.25E-02	7.42E-02
3.50E-01	1.39E+00	3.39E-02	1.43E+00	1.71E-01	1.39E-02	9.11E-02
4.00E-01	1.34E+00	3.59E-02	1.38E+00	2.07E-01	1.53E-02	1.08E-01
4.50E-01	1.31E+00	3.81E-02	1.35E+00	2.43E-01	1.66E-02	1.26E-01
5.00E-01	1.28E+00	4.03E-02	1.32E+00	2.81E-01	1.79E-02	1.44E-01
5.50E-01	1.26E+00	4.26E-02	1.30E+00	3.19E-01	1.92E-02	1.62E-01
6.00E-01	1.24E+00	4.50E-02	1.29E+00	3.58E-01	2.04E-02	1.79E-01
7.00E-01	1.22E+00	5.00E-02	1.27E+00	4.36E-01	2.28E-02	2.15E-01
8.00E-01	1.20E+00	5.51E-02	1.26E+00	5.16E-01	2.51E-02	2.51E-01
9.00E-01	1.19E+00	6.04E-02	1.26E+00	5.95E-01	2.75E-02	2.85E-01
1.00E+00	1.19E+00	6.59E-02	1.26E+00	6.75E-01	2.97E-02	3.20E-01
1.25E+00	1.19E+00	8.03E-02	1.27E+00	8.73E-01	3.54E-02	4.03E-01
1.50E+00	1.19E+00	9.55E-02	1.29E+00	1.07E+00	4.10E-02	4.82E-01
1.75E+00	1.20E+00	1.11E-01	1.31E+00	1.26E+00	4.65E-02	5.56E-01
2.00E+00	1.21E+00	1.28E-01	1.34E+00	1.45E+00	5.19E-02	6.28E-01
2.50E+00	1.23E+00	1.62E-01	1.39E+00	1.82E+00	6.27E-02	7.61E-01
3.00E+00	1.25E+00	1.97E-01	1.44E+00	2.17E+00	7.33E-02	8.84E-01
3.50E+00	1.26E+00	2.33E-01	1.50E+00	2.51E+00	8.37E-02	9.99E-01
4.00E+00	1.28E+00	2.70E-01	1.55E+00	2.84E+00	9.39E-02	1.11E+00
4.50E+00	1.29E+00	3.08E-01	1.60E+00	3.16E+00	1.04E-01	1.21E+00
5.00E+00	1.30E+00	3.46E-01	1.65E+00	3.47E+00	1.14E-01	1.31E+00
5.50E+00	1.31E+00	3.85E-01	1.70E+00	3.77E+00	1.23E-01	1.41E+00
6.00E+00	1.32E+00	4.25E-01	1.75E+00	4.06E+00	1.33E-01	1.50E+00
7.00E+00	1.34E+00	5.05E-01	1.85E+00	4.61E+00	1.51E-01	1.67E+00
8.00E+00	1.36E+00	5.87E-01	1.94E+00	5.14E+00	1.68E-01	1.82E+00
9.00E+00	1.37E+00	6.70E-01	2.04E+00	5.64E+00	1.84E-01	1.97E+00
1.00E+01	1.38E+00	7.54E-01	2.13E+00	6.12E+00	2.00E-01	2.10E+00
1.25E+01	1.40E+00	9.68E-01	2.37E+00	7.23E+00	2.36E-01	2.40E+00
1.50E+01	1.42E+00	1.19E+00	2.61E+00	8.24E+00	2.69E-01	2.65E+00
1.75E+01	1.44E+00	1.41E+00	2.85E+00	9.16E+00	2.98E-01	2.88E+00
2.00E+01	1.45E+00	1.63E+00	3.08E+00	1.00E+01	3.25E-01	3.08E+00
2.50E+01	1.47E+00	2.09E+00	3.56E+00	1.15E+01	3.72E-01	3.42E+00
3.00E+01	1.49E+00	2.56E+00	4.04E+00	1.28E+01	4.12E-01	3.71E+00
3.50E+01	1.50E+00	3.02E+00	4.53E+00	1.40E+01	4.46E-01	3.96E+00
4.00E+01	1.51E+00	3.50E+00	5.01E+00	1.50E+01	4.76E-01	4.18E+00
4.50E+01	1.52E+00	3.97E+00	5.50E+00	1.60E+01	5.02E-01	4.38E+00
5.00E+01	1.53E+00	4.45E+00	5.99E+00	1.69E+01	5.25E-01	4.56E+00
5.50E+01	1.54E+00	4.94E+00	6.48E+00	1.77E+01	5.46E-01	4.73E+00
6.00E+01	1.55E+00	5.42E+00	6.97E+00	1.84E+01	5.64E-01	4.88E+00
7.00E+01	1.56E+00	6.39E+00	7.95E+00	1.98E+01	5.97E-01	5.16E+00
8.00E+01	1.57E+00	7.37E+00	8.94E+00	2.09E+01	6.24E-01	5.40E+00
9.00E+01	1.58E+00	8.35E+00	9.93E+00	2.20E+01	6.47E-01	5.62E+00
1.00E+02	1.59E+00	9.34E+00	1.09E+01	2.30E+01	6.67E-01	5.81E+00
1.25E+02	1.61E+00	1.18E+01	1.34E+01	2.50E+01	7.08E-01	6.23E+00
1.50E+02	1.62E+00	1.43E+01	1.59E+01	2.67E+01	7.38E-01	6.58E+00
1.75E+02	1.63E+00	1.68E+01	1.84E+01	2.82E+01	7.62E-01	6.87E+00
2.00E+02	1.64E+00	1.93E+01	2.10E+01	2.95E+01	7.81E-01	7.12E+00
2.50E+02	1.66E+00	2.43E+01	2.60E+01	3.16E+01	8.11E-01	7.55E+00
3.00E+02	1.67E+00	2.94E+01	3.10E+01	3.34E+01	8.33E-01	7.91E+00
3.50E+02	1.68E+00	3.44E+01	3.61E+01	3.49E+01	8.49E-01	8.21E+00
4.00E+02	1.69E+00	3.95E+01	4.12E+01	3.62E+01	8.63E-01	8.47E+00
4.50E+02	1.70E+00	4.45E+01	4.62E+01	3.73E+01	8.74E-01	8.70E+00
5.00E+02	1.71E+00	4.96E+01	5.13E+01	3.83E+01	8.83E-01	8.91E+00
5.50E+02	1.71E+00	5.47E+01	5.64E+01	3.93E+01	8.91E-01	9.10E+00
6.00E+02	1.72E+00	5.97E+01	6.15E+01	4.01E+01	8.97E-01	9.27E+00
7.00E+02	1.73E+00	6.99E+01	7.16E+01	4.16E+01	9.08E-01	9.58E+00
8.00E+02	1.74E+00	8.00E+01	8.18E+01	4.29E+01	9.17E-01	9.84E+00
9.00E+02	1.75E+00	9.02E+01	9.20E+01	4.41E+01	9.24E-01	1.01E+01
1.00E+03	1.75E+00	1.00E+02	1.02E+02	4.51E+01	9.30E-01	1.03E+01